Wrote artifacts/performance/2026-10-05_sz-degenerate/gate-q1.csv
Tick-HUD buckets: target=smash64ds-p2-fourcpu-tickhud-hwtri samples=1960 frames=2..1961 melonDS=1.0 sha=DE80E46BDCF1FD98 git=44d6775c69a+dirty(31) dldi=ON

bucket p50           p95           spread mean          min        max           %ALLp50
------ ---           ---           ------ ----          ---        ---           -------
ALL     1,116,736     1,675,840      1.50  1,148,694     1,112,512  4,371,584      100.0
FTR             0             0      0.00          0             0          0        0.0
STG             0             0      0.00          0             0          0        0.0
BG              0             0      0.00          0             0          0        0.0
AUD         4,480        10,304      2.30      5,550         2,496     28,160        0.4
HUD         9,280        24,576      2.65     11,274         7,936    534,528        0.8
SRC       365,824       563,328      1.54    374,907       134,528  1,308,032       32.8
MISC      400,576       554,432      1.38    410,611       174,912  3,254,656       35.9
OTHR      339,520       622,336      1.83    346,351        25,728    792,832       30.4
WAIT      317,888       598,144      1.88    324,251         4,288    772,928       28.5
WORK      809,984     1,109,888      1.37    820,527       340,288  4,041,280       72.5
SHDT            0             0      0.00          0             0          0        0.0
SWRM        1,216         1,280      1.05      1,213           832      3,200        0.1
GCRA      360,512       558,080      1.55    369,535       130,048  1,302,848       32.3
SCPU            0             0      0.00          0             0          0        0.0
SCAT            0             0      0.00          0             0          0        0.0
SPRM            0             0      0.00          0             0          0        0.0
SINT            0             0      0.00          0             0          0        0.0
SPHD            0             0      0.00          0             0          0        0.0
SPHC            0             0      0.00          0             0          0        0.0
MWPN            0             0      0.00          0             0          0        0.0
MITM            0             0      0.00          0             0          0        0.0
MEFX            0             0      0.00          0             0          0        0.0
MACT            0             0      0.00          0             0          0        0.0
MPRT            0             0      0.00          0             0          0        0.0
MTEX            0             0      0.00        355             0    638,720        0.0
MCAP            0             0      0.00          0             0          0        0.0
MPRO            0             0      0.00          0             0          0        0.0
MCAM      400,448       554,304      1.38    410,493       174,784  3,254,528       35.9
MFLS          128           128      1.00        118            64        192        0.0
GPOL          597           643      1.08        550            29        675        0.1
GVTX        1,439         1,569      1.09      1,346            96      1,657        0.1
DGSA   2,248,335,339 4,065,321,507        2,176,252,338    408,983 4,294,514,885 201,331.0
DGSB   2,239,784,444 4,083,387,236        2,189,176,867  1,230,618 4,293,852,712 200,565.3
WORK-H    799,808     1,096,128      1.37    809,253       331,520  3,506,752       71.6

named=802,342 (69.8% of ALL)  VBI 2:1861 3:91 4:8 5+:1 max:8 total:1961  slips=0
Wrote artifacts/performance/2026-10-05_sz-degenerate/gate-q1.json
