Wrote artifacts/performance/2026-10-05_sz-degenerate/c0-g1.csv
Tick-HUD buckets: target=smash64ds-p2-fourcpu-tickhud-hwtri samples=1960 frames=2..1961 melonDS=1.0 sha=DE80E46BDCF1FD98 git=44d6775c69a+dirty(31) dldi=ON

bucket p50           p95           spread     mean          min        max           %ALLp50
------ ---           ---           ------     ----          ---        ---           -------
ALL     1,116,800     1,677,504      1.50      1,292,285     1,111,616 16,960,960      100.0
FTR             0             0      0.00              0             0          0        0.0
STG             0             0      0.00              0             0          0        0.0
BG              0             0      0.00              0             0          0        0.0
AUD         4,352         9,536      2.19          5,261         2,304     30,784        0.4
HUD         9,024        24,512      2.72         11,137         8,128    464,000        0.8
SRC       456,832       656,576      1.44        464,229       165,824  1,157,568       40.9
MISC      505,024       722,432      1.43        532,132       252,032 15,934,144       45.2
OTHR      241,792       574,528      2.38        279,526        21,568    683,776       21.7
WAIT      220,160       551,808      2.51        257,496         2,112    663,616       19.7
WORK    1,004,032     1,385,472      1.38      1,031,022       449,792 16,625,344       89.9
SHDT            0        34,752    34,752.00       6,345             0    296,000        0.0
SWRM        1,408         1,472      1.05          1,402           960      3,456        0.1
GCRA      451,456       651,200      1.44        458,856       160,960  1,152,256       40.4
SCPU            0       113,088    113,088.00     21,638             0    486,912        0.0
SCAT            0             0      0.00              0             0          0        0.0
SPRM            0        21,504    21,504.00       4,010             0    275,968        0.0
SINT            0             0      0.00              0             0          0        0.0
SPHD            0             1      1.00              0             0          3        0.0
SPHC            0             2      2.00              0             0          4        0.0
MWPN            0             0      0.00              0             0          0        0.0
MITM            0             0      0.00              0             0          0        0.0
MEFX            0             0      0.00              0             0          0        0.0
MACT            0             0      0.00              0             0          0        0.0
MPRT            0             0      0.00              0             0          0        0.0
MTEX            0             0      0.00            577             0  1,045,696        0.0
MCAP            0        41,280    41,280.00       7,080             0     99,776        0.0
MPRO            0         1,152    1,152.00          560             0     42,752        0.0
MCAM      496,704       719,552      1.45        524,378       251,904 15,832,512       44.5
MFLS          128           128      1.00            115            64        448        0.0
GPOL          482           577      1.20            469            47        621        0.0
GVTX        1,088         1,360      1.25          1,079           157      1,485        0.1
DGSA   2,156,708,599 4,108,563,968            2,140,450,557  2,648,577 4,292,117,025 193,115.0
DGSB   2,220,675,919 4,066,019,029            2,159,419,385    168,676 4,294,574,852 198,842.8
WORK-H    994,112     1,373,504      1.38      1,019,885       440,576 16,161,344       89.0

named=1,012,759 (78.4% of ALL)  VBI 2:1408 3:520 4:30 5+:3 max:35 total:1961  slips=0
Wrote artifacts/performance/2026-10-05_sz-degenerate/c0-g1.json
