Wrote D:\Stuff\DevFolder\Smash64DS_Port\artifacts\performance\2026-10-05_stage-anim-q\sweep/g7-q1.csv
Tick-HUD buckets: target=smash64ds-p2-fourcpu-tickhud-hwtri samples=1960 frames=2..1961 melonDS=1.0 sha=DE80E46BDCF1FD98 git=4011b3b0316+dirty(35) dldi=ON

bucket p50           p95           spread mean          min        max           %ALLp50
------ ---           ---           ------ ----          ---        ---           -------
ALL     1,116,736     1,677,120      1.50  1,194,033     1,112,384 15,169,152      100.0
FTR             0             0      0.00          0             0          0        0.0
STG             0             0      0.00          0             0          0        0.0
BG              0             0      0.00          0             0          0        0.0
AUD         5,248        10,752      2.05      5,829         2,432     27,200        0.5
HUD         9,088        24,064      2.65     11,939         7,936    639,744        0.8
SRC       434,368       665,280      1.53    448,139       146,368  4,606,720       38.9
MISC      405,504       581,312      1.43    427,764       175,232 13,988,544       36.3
OTHR      281,728       558,848      1.98    300,361        23,232    780,544       25.2
WAIT      259,712       537,536      2.07    278,951         3,392    760,448       23.3
WORK      885,824     1,225,344      1.38    911,236       353,024 14,834,240       79.3
SHDT      794,367     1,102,143      1.39    816,075       311,295 14,150,719       71.1
SWRM        1,344         1,472      1.10      1,367           960      3,456        0.1
GCRA      428,992       659,904      1.54    442,609       141,760  4,601,280       38.4
SCPU            0             0      0.00          0             0          0        0.0
SCAT            0             0      0.00          0             0          0        0.0
SPRM            0             0      0.00          0             0          0        0.0
SINT            0             0      0.00          0             0          0        0.0
SPHD            0             0      0.00          0             0          0        0.0
SPHC            0             0      0.00          0             0          0        0.0
MWPN            0             0      0.00          0             0          0        0.0
MITM            0             0      0.00          0             0          0        0.0
MEFX            0             0      0.00          0             0          0        0.0
MACT            0             0      0.00          0             0          0        0.0
MPRT            0             0      0.00          0             0          0        0.0
MTEX            0             0      0.00        724             0  1,228,096        0.0
MCAP            0             0      0.00          0             0          0        0.0
MPRO            0             0      0.00          0             0          0        0.0
MCAM      405,440       581,248      1.43    427,659       175,104 13,988,480       36.3
MFLS          128           128      1.00        106            64        128        0.0
GPOL          537           603      1.12        521           107        683        0.0
GVTX        1,255         1,439      1.15      1,229           348      1,673        0.1
DGSA   2,197,054,711 4,159,033,947        2,143,398,587  1,545,528 4,291,817,011 196,739.0
DGSB   2,238,448,197 4,184,969,177        2,201,451,515  1,198,703 4,294,631,747 200,445.6
WORK-H    876,608     1,209,664      1.38    899,297       344,896 14,194,496       78.5

named=893,671 (74.8% of ALL)  VBI 2:1737 3:211 4:9 5+:4 max:31 total:1961  slips=0
Wrote D:\Stuff\DevFolder\Smash64DS_Port\artifacts\performance\2026-10-05_stage-anim-q\sweep/g7-q1.json
