Wrote D:\Stuff\DevFolder\Smash64DS_Port\artifacts\performance\2026-10-05_stage-anim-q\sweep/g8-q1.csv
Tick-HUD buckets: target=smash64ds-p2-fourcpu-tickhud-hwtri samples=1960 frames=2..1961 melonDS=1.0 sha=DE80E46BDCF1FD98 git=4011b3b0316+dirty(34) dldi=ON

bucket p50           p95           spread mean          min        max           %ALLp50
------ ---           ---           ------ ----          ---        ---           -------
ALL     1,116,736     1,677,184      1.50  1,200,247     1,112,448 11,928,512      100.0
FTR             0             0      0.00          0             0          0        0.0
STG             0             0      0.00          0             0          0        0.0
BG              0             0      0.00          0             0          0        0.0
AUD         4,992        10,496      2.10      5,772         2,432     22,528        0.4
HUD         9,664        24,768      2.56     12,010         8,448    326,784        0.9
SRC       442,560       636,672      1.44    442,606       144,320  1,104,128       39.6
MISC      461,120       592,000      1.28    475,844       214,016 11,063,872       41.3
OTHR      229,184       570,240      2.49    264,015        23,616    743,232       20.5
WAIT      207,232       549,376      2.65    242,185         2,240    723,136       18.6
WORK      943,296     1,236,864      1.31    953,564       389,632 11,592,640       84.5
SHDT      845,375     1,125,503      1.33    859,310       348,095 11,223,103       75.7
SWRM        1,408         1,472      1.05      1,412         1,024      3,456        0.1
GCRA      436,480       631,232      1.45    437,007       139,392  1,098,496       39.1
SCPU            0             0      0.00          0             0          0        0.0
SCAT            0             0      0.00          0             0          0        0.0
SPRM            0             0      0.00          0             0          0        0.0
SINT            0             0      0.00          0             0          0        0.0
SPHD            0             0      0.00          0             0          0        0.0
SPHC            0             0      0.00          0             0          0        0.0
MWPN            0             0      0.00          0             0          0        0.0
MITM            0             0      0.00          0             0          0        0.0
MEFX            0             0      0.00          0             0          0        0.0
MACT            0             0      0.00          0             0          0        0.0
MPRT            0             0      0.00          0             0          0        0.0
MTEX            0             0      0.00        682             0  1,158,272        0.0
MCAP            0             0      0.00          0             0          0        0.0
MPRO            0             0      0.00          0             0          0        0.0
MCAM      460,992       591,872      1.28    475,736       213,888 11,063,808       41.3
MFLS          128           128      1.00        108            64        192        0.0
GPOL          543           599      1.10        510           108        654        0.0
GVTX        1,287         1,427      1.11      1,225           352      1,590        0.1
DGSA   2,089,321,918 4,012,784,799   1.92 2,106,588,291     67,043 4,289,459,984 187,091.8
DGSB   2,196,481,475 4,048,727,713        2,148,795,007  6,282,086 4,294,512,194 196,687.6
WORK-H    931,072     1,218,880      1.31    941,554       380,864 11,265,856       83.4

named=936,232 (78.0% of ALL)  VBI 2:1706 3:238 4:13 5+:4 max:26 total:1961  slips=0
Wrote D:\Stuff\DevFolder\Smash64DS_Port\artifacts\performance\2026-10-05_stage-anim-q\sweep/g8-q1.json
