Wrote D:\Stuff\DevFolder\Smash64DS_Port\artifacts\performance\2026-10-05_stage-anim-q\sweep/g4-q0.csv
Tick-HUD buckets: target=smash64ds-p2-fourcpu-tickhud-hwtri samples=1960 frames=2..1961 melonDS=1.0 sha=DE80E46BDCF1FD98 git=4011b3b0316+dirty(35) dldi=ON

bucket p50           p95           spread mean          min        max           %ALLp50
------ ---           ---           ------ ----          ---        ---           -------
ALL     1,116,736     1,117,504      1.00  1,151,204     1,110,976 28,395,968      100.0
FTR             0             0      0.00          0             0          0        0.0
STG             0             0      0.00          0             0          0        0.0
BG              0             0      0.00          0             0          0        0.0
AUD         4,608        10,304      2.24      5,654         2,432     28,800        0.4
HUD         9,152        24,128      2.64     11,353         7,808    315,776        0.8
SRC       383,296       565,568      1.48    382,568       127,296  1,006,400       34.3
MISC      342,336       460,352      1.34    359,038       118,400 27,558,784       30.7
OTHR      374,336       729,408      1.95    392,590        27,648    858,624       33.5
WAIT      353,984       705,216      1.99    370,954         7,808    838,592       31.7
WORK      765,824     1,034,944      1.35    776,360       274,880 28,058,496       68.6
SHDT      651,711       903,615      1.39    671,932       233,855 27,698,431       58.4
SWRM        1,408         1,472      1.05      1,378           896      3,520        0.1
GCRA      377,792       559,872      1.48    377,049       122,496  1,001,088       33.8
SCPU            0             0      0.00          0             0          0        0.0
SCAT            0             0      0.00          0             0          0        0.0
SPRM            0             0      0.00          0             0          0        0.0
SINT            0             0      0.00          0             0          0        0.0
SPHD            0             0      0.00          0             0          0        0.0
SPHC            0             0      0.00          0             0          0        0.0
MWPN            0             0      0.00          0             0          0        0.0
MITM            0             0      0.00          0             0          0        0.0
MEFX            0             0      0.00          0             0          0        0.0
MACT            0             0      0.00          0             0          0        0.0
MPRT            0             0      0.00          0             0          0        0.0
MTEX            0             0      0.00        667             0  1,183,616        0.0
MCAP            0             0      0.00          0             0          0        0.0
MPRO            0             0      0.00          0             0          0        0.0
MCAM      342,272       460,224      1.34    358,930       118,336 27,558,720       30.6
MFLS          128           128      1.00        108            64        192        0.0
GPOL          479           564      1.18        447            29        623        0.0
GVTX        1,093         1,321      1.21      1,035            94      1,486        0.1
DGSA   2,190,541,295 4,102,694,071        2,173,246,281  8,661,543 4,293,989,596 196,155.7
DGSB   2,204,730,242 4,134,130,666        2,211,375,342     96,753 4,294,372,757 197,426.3
WORK-H    755,136     1,024,640      1.36    765,007       266,624 27,742,720       67.6

named=758,613 (65.9% of ALL)  VBI 2:1895 3:59 4:5 5+:2 max:55 total:1961  slips=0
Wrote D:\Stuff\DevFolder\Smash64DS_Port\artifacts\performance\2026-10-05_stage-anim-q\sweep/g4-q0.json
