Wrote D:\Stuff\DevFolder\Smash64DS_Port\artifacts\performance\2026-10-05_stage-anim-q\sweep/g4-q1.csv
Tick-HUD buckets: target=smash64ds-p2-fourcpu-tickhud-hwtri samples=1960 frames=2..1961 melonDS=1.0 sha=DE80E46BDCF1FD98 git=4011b3b0316+dirty(33) dldi=ON

bucket p50           p95           spread mean          min        max           %ALLp50
------ ---           ---           ------ ----          ---        ---           -------
ALL     1,116,736     1,117,504      1.00  1,150,918     1,111,104 28,384,576      100.0
FTR             0             0      0.00          0             0          0        0.0
STG             0             0      0.00          0             0          0        0.0
BG              0             0      0.00          0             0          0        0.0
AUD         4,672        10,176      2.18      5,650         2,432     29,312        0.4
HUD         9,088        24,128      2.65     11,348         7,680    309,504        0.8
SRC       383,104       564,992      1.47    381,747       127,232  1,008,960       34.3
MISC      342,208       459,712      1.34    358,997       118,592 27,553,024       30.6
OTHR      375,104       739,200      1.97    393,177        23,808    858,496       33.6
WAIT      354,048       711,360      2.01    371,538         2,432    838,464       31.7
WORK      765,888     1,041,408      1.36    775,490       274,816 28,046,720       68.6
SHDT      652,223       902,719      1.38    671,066       233,087 27,692,735       58.4
SWRM        1,408         1,472      1.05      1,376           896      3,392        0.1
GCRA      377,664       559,040      1.48    376,230       122,496  1,003,648       33.8
SCPU            0             0      0.00          0             0          0        0.0
SCAT            0             0      0.00          0             0          0        0.0
SPRM            0             0      0.00          0             0          0        0.0
SINT            0             0      0.00          0             0          0        0.0
SPHD            0             0      0.00          0             0          0        0.0
SPHC            0             0      0.00          0             0          0        0.0
MWPN            0             0      0.00          0             0          0        0.0
MITM            0             0      0.00          0             0          0        0.0
MEFX            0             0      0.00          0             0          0        0.0
MACT            0             0      0.00          0             0          0        0.0
MPRT            0             0      0.00          0             0          0        0.0
MTEX            0             0      0.00        667             0  1,184,960        0.0
MCAP            0             0      0.00          0             0          0        0.0
MPRO            0             0      0.00          0             0          0        0.0
MCAM      342,080       459,584      1.34    358,890       118,464 27,552,896       30.6
MFLS          128           128      1.00        107            64        192        0.0
GPOL          479           564      1.18        447            29        623        0.0
GVTX        1,093         1,321      1.21      1,035            94      1,486        0.1
DGSA   2,190,541,295 4,102,694,071        2,173,246,281  8,661,543 4,293,989,596 196,155.7
DGSB   2,204,730,242 4,134,130,666        2,211,375,342     96,753 4,294,372,757 197,426.3
WORK-H    755,200     1,026,304      1.36    764,143       266,496 27,737,216       67.6

named=757,742 (65.8% of ALL)  VBI 2:1896 3:58 4:5 5+:2 max:55 total:1961  slips=0
Wrote D:\Stuff\DevFolder\Smash64DS_Port\artifacts\performance\2026-10-05_stage-anim-q\sweep/g4-q1.json
