Wrote D:\Stuff\DevFolder\Smash64DS_Port\artifacts\performance\2026-10-05_stage-anim-q\sweep/g2-q1.csv
Tick-HUD buckets: target=smash64ds-p2-fourcpu-tickhud-hwtri samples=1960 frames=2..1961 melonDS=1.0 sha=DE80E46BDCF1FD98 git=4011b3b0316+dirty(33) dldi=ON

bucket p50           p95           spread mean          min        max           %ALLp50
------ ---           ---           ------ ----          ---        ---           -------
ALL     1,116,736     1,677,056      1.50  1,184,218     1,111,424 18,602,688      100.0
FTR             0             0      0.00          0             0          0        0.0
STG             0             0      0.00          0             0          0        0.0
BG              0             0      0.00          0             0          0        0.0
AUD         4,992        10,304      2.06      5,744         2,432     27,136        0.4
HUD         9,280        24,576      2.65     12,015         7,936    688,960        0.8
SRC       414,080       619,968      1.50    419,289       141,696  1,329,216       37.1
MISC      427,776       597,952      1.40    445,727       183,616 17,377,536       38.3
OTHR      276,992       609,344      2.20    301,442        23,168    778,432       24.8
WAIT      255,808       584,832      2.29    279,861         2,368    758,208       22.9
WORK      887,104     1,205,568      1.36    900,335       355,392 18,265,792       79.4
SHDT      788,479     1,083,263      1.37    804,684       312,447 17,533,375       70.6
SWRM        1,408         1,472      1.05      1,391           960      3,520        0.1
GCRA      408,640       614,208      1.50    413,720       136,960  1,324,032       36.6
SCPU            0             0      0.00          0             0          0        0.0
SCAT            0             0      0.00          0             0          0        0.0
SPRM            0             0      0.00          0             0          0        0.0
SINT            0             0      0.00          0             0          0        0.0
SPHD            0             0      0.00          0             0          0        0.0
SPHC            0             0      0.00          0             0          0        0.0
MWPN            0             0      0.00          0             0          0        0.0
MITM            0             0      0.00          0             0          0        0.0
MEFX            0             0      0.00          0             0          0        0.0
MACT            0             0      0.00          0             0          0        0.0
MPRT            0             0      0.00          0             0          0        0.0
MTEX            0             0      0.00        587             0  1,022,080        0.0
MCAP            0             0      0.00          0             0          0        0.0
MPRO            0             0      0.00          0             0          0        0.0
MCAM      427,648       597,888      1.40    445,620       183,552 17,377,472       38.3
MFLS          128           128      1.00        107            64        384        0.0
GPOL          557           662      1.19        519            51        718        0.0
GVTX        1,335         1,548      1.16      1,250           175      1,711        0.1
DGSA   2,132,631,392 4,051,486,212   1.90 2,119,725,784  2,502,379 4,289,687,524 190,970.1
DGSB   2,131,480,968 4,079,620,075   1.91 2,123,540,730  2,661,700 4,293,801,890 190,867.0
WORK-H    876,352     1,191,168      1.36    888,320       346,112 17,576,832       78.5

named=882,775 (74.5% of ALL)  VBI 2:1763 3:189 4:8 5+:1 max:37 total:1961  slips=0
Wrote D:\Stuff\DevFolder\Smash64DS_Port\artifacts\performance\2026-10-05_stage-anim-q\sweep/g2-q1.json
