Wrote D:\Stuff\DevFolder\Smash64DS_Port\artifacts\performance\2026-10-05_stage-anim-q\sweep/g8-q0.csv
Tick-HUD buckets: target=smash64ds-p2-fourcpu-tickhud-hwtri samples=1960 frames=2..1961 melonDS=1.0 sha=DE80E46BDCF1FD98 git=4011b3b0316+dirty(34) dldi=ON

bucket p50           p95           spread mean          min        max           %ALLp50
------ ---           ---           ------ ----          ---        ---           -------
ALL     1,116,736     1,677,184      1.50  1,201,679     1,111,616 11,934,976      100.0
FTR             0             0      0.00          0             0          0        0.0
STG             0             0      0.00          0             0          0        0.0
BG              0             0      0.00          0             0          0        0.0
AUD         4,992        10,432      2.09      5,781         2,432     22,848        0.4
HUD         9,664        24,704      2.56     12,003         8,384    327,040        0.9
SRC       443,840       638,464      1.44    444,537       145,280  1,097,664       39.7
MISC      461,184       592,064      1.28    475,762       214,080 11,066,688       41.3
OTHR      228,672       570,496      2.49    263,596        23,360    742,592       20.5
WAIT      206,592       548,992      2.66    241,775         2,304    722,432       18.5
WORK      944,384     1,236,288      1.31    955,406       390,400 11,596,544       84.6
SHDT      846,079     1,128,063      1.33    861,150       348,479 11,226,175       75.8
SWRM        1,408         1,472      1.05      1,407           960      3,392        0.1
GCRA      438,400       632,896      1.44    438,939       140,352  1,092,096       39.3
SCPU            0             0      0.00          0             0          0        0.0
SCAT            0             0      0.00          0             0          0        0.0
SPRM            0             0      0.00          0             0          0        0.0
SINT            0             0      0.00          0             0          0        0.0
SPHD            0             0      0.00          0             0          0        0.0
SPHC            0             0      0.00          0             0          0        0.0
MWPN            0             0      0.00          0             0          0        0.0
MITM            0             0      0.00          0             0          0        0.0
MEFX            0             0      0.00          0             0          0        0.0
MACT            0             0      0.00          0             0          0        0.0
MPRT            0             0      0.00          0             0          0        0.0
MTEX            0             0      0.00        683             0  1,158,976        0.0
MCAP            0             0      0.00          0             0          0        0.0
MPRO            0             0      0.00          0             0          0        0.0
MCAM      461,056       592,000      1.28    475,655       213,952 11,066,624       41.3
MFLS          128           128      1.00        107            64        384        0.0
GPOL          543           599      1.10        510           108        654        0.0
GVTX        1,287         1,427      1.11      1,225           352      1,590        0.1
DGSA   2,097,919,986 4,002,987,290   1.91 2,118,732,120     67,043 4,293,390,814 187,861.8
DGSB   2,201,034,269 4,068,869,803        2,161,808,656  6,282,086 4,286,652,732 197,095.3
WORK-H    932,672     1,221,632      1.31    943,404       381,568 11,269,504       83.5

named=938,083 (78.1% of ALL)  VBI 2:1701 3:243 4:13 5+:4 max:26 total:1961  slips=0
Wrote D:\Stuff\DevFolder\Smash64DS_Port\artifacts\performance\2026-10-05_stage-anim-q\sweep/g8-q0.json
