Wrote D:\Stuff\DevFolder\Smash64DS_Port\artifacts\performance\2026-10-05_stage-anim-q\sweep/g2-q0.csv
Tick-HUD buckets: target=smash64ds-p2-fourcpu-tickhud-hwtri samples=1960 frames=2..1961 melonDS=1.0 sha=DE80E46BDCF1FD98 git=4011b3b0316+dirty(33) dldi=ON

bucket p50           p95           spread mean          min        max           %ALLp50
------ ---           ---           ------ ----          ---        ---           -------
ALL     1,116,736     1,677,056      1.50  1,187,503     1,111,616 18,605,824      100.0
FTR             0             0      0.00          0             0          0        0.0
STG             0             0      0.00          0             0          0        0.0
BG              0             0      0.00          0             0          0        0.0
AUD         4,992        10,368      2.08      5,750         2,432     27,008        0.4
HUD         9,280        24,576      2.65     12,025         7,872    692,352        0.8
SRC       414,592       620,736      1.50    420,214       141,760  1,328,000       37.1
MISC      427,648       597,568      1.40    447,838       182,976 17,377,856       38.3
OTHR      277,632       601,536      2.17    301,676        23,296    777,472       24.9
WAIT      256,512       577,472      2.25    280,088         2,560    757,376       23.0
WORK      887,168     1,208,192      1.36    903,388       356,224 18,268,928       79.4
SHDT      787,839     1,085,183      1.38    807,744       313,151 17,533,247       70.5
SWRM        1,408         1,472      1.05      1,391           960      3,456        0.1
GCRA      409,024       614,976      1.50    414,652       137,024  1,322,496       36.6
SCPU            0             0      0.00          0             0          0        0.0
SCAT            0             0      0.00          0             0          0        0.0
SPRM            0             0      0.00          0             0          0        0.0
SINT            0             0      0.00          0             0          0        0.0
SPHD            0             0      0.00          0             0          0        0.0
SPHC            0             0      0.00          0             0          0        0.0
MWPN            0             0      0.00          0             0          0        0.0
MITM            0             0      0.00          0             0          0        0.0
MEFX            0             0      0.00          0             0          0        0.0
MACT            0             0      0.00          0             0          0        0.0
MPRT            0             0      0.00          0             0          0        0.0
MTEX            0             0      0.00        587             0  1,023,040        0.0
MCAP            0             0      0.00          0             0          0        0.0
MPRO            0             0      0.00          0             0          0        0.0
MCAM      427,520       597,440      1.40    447,732       182,848 17,377,792       38.3
MFLS          128           128      1.00        106            64        448        0.0
GPOL          557           662      1.19        519            51        718        0.0
GVTX        1,335         1,548      1.16      1,250           175      1,711        0.1
DGSA   2,120,907,945 4,065,656,869   1.92 2,124,030,728  2,502,379 4,289,687,524 189,920.3
DGSB   2,132,452,674 4,040,362,861   1.89 2,117,777,612    821,770 4,294,809,277 190,954.1
WORK-H    876,800     1,191,872      1.36    891,364       346,880 17,576,576       78.5

named=885,827 (74.6% of ALL)  VBI 2:1760 3:191 4:9 5+:1 max:37 total:1961  slips=0
Wrote D:\Stuff\DevFolder\Smash64DS_Port\artifacts\performance\2026-10-05_stage-anim-q\sweep/g2-q0.json
