Wrote D:\Stuff\DevFolder\Smash64DS_Port\artifacts\performance\2026-10-05_stage-anim-q\sweep/g3-q1.csv
Tick-HUD buckets: target=smash64ds-p2-fourcpu-tickhud-hwtri samples=1960 frames=2..1961 melonDS=1.0 sha=DE80E46BDCF1FD98 git=4011b3b0316+dirty(33) dldi=ON

bucket p50           p95           spread mean          min        max           %ALLp50
------ ---           ---           ------ ----          ---        ---           -------
ALL     1,116,736     1,676,992      1.50  1,175,988     1,111,424 13,674,240      100.0
FTR             0             0      0.00          0             0          0        0.0
STG             0             0      0.00          0             0          0        0.0
BG              0             0      0.00          0             0          0        0.0
AUD         4,544         9,920      2.18      5,518         2,432     29,504        0.4
HUD         9,152        23,872      2.61     11,072         7,872    850,816        0.8
SRC       430,208       628,608      1.46    436,140       167,360  1,115,520       38.5
MISC      409,728       550,272      1.34    429,384       169,856 12,264,192       36.7
OTHR      270,848       615,552      2.27    293,874        23,552    766,848       24.3
WAIT      249,920       586,880      2.35    272,181         3,136    746,752       22.4
WORK      888,064     1,175,552      1.32    899,802       366,784 13,337,920       79.5
SHDT      791,423     1,101,183      1.39    810,095       325,247 12,443,711       70.9
SWRM        1,344         1,408      1.05      1,356           960      3,456        0.1
GCRA      424,768       621,632      1.46    430,621       162,624  1,110,208       38.0
SCPU            0             0      0.00          0             0          0        0.0
SCAT            0             0      0.00          0             0          0        0.0
SPRM            0             0      0.00          0             0          0        0.0
SINT            0             0      0.00          0             0          0        0.0
SPHD            0             0      0.00          0             0          0        0.0
SPHC            0             0      0.00          0             0          0        0.0
MWPN            0             0      0.00          0             0          0        0.0
MITM            0             0      0.00          0             0          0        0.0
MEFX            0             0      0.00          0             0          0        0.0
MACT            0             0      0.00          0             0          0        0.0
MPRT            0             0      0.00          0             0          0        0.0
MTEX            0             0      0.00        537             0    940,032        0.0
MCAP            0             0      0.00          0             0          0        0.0
MPRO            0             0      0.00          0             0          0        0.0
MCAM      409,600       550,208      1.34    429,277       169,728 12,264,128       36.7
MFLS          128           128      1.00        107            64        448        0.0
GPOL          537           615      1.15        491            28        659        0.0
GVTX        1,233         1,392      1.13      1,127            88      1,551        0.1
DGSA   2,161,021,935 4,130,550,174        2,176,233,634    833,887 4,293,517,014 193,512.3
DGSB   2,199,527,943 4,167,261,554        2,185,439,349  3,641,787 4,292,704,097 196,960.4
WORK-H    877,056     1,159,872      1.32    888,731       358,400 12,487,104       78.5

named=882,114 (75.0% of ALL)  VBI 2:1790 3:155 4:15 5+:1 max:29 total:1961  slips=0
Wrote D:\Stuff\DevFolder\Smash64DS_Port\artifacts\performance\2026-10-05_stage-anim-q\sweep/g3-q1.json
