Wrote artifacts/performance/2026-10-04_instrument-out/gate-default0.csv
Tick-HUD buckets: target=smash64ds-p2-fourcpu-tickhud-hwtri samples=1960 frames=2..1961 melonDS=1.0 sha=DE80E46BDCF1FD98 git=8be7015bb0b+dirty(23) dldi=ON

bucket p50           p95           spread mean          min        max           %ALLp50
------ ---           ---           ------ ----          ---        ---           -------
ALL     1,116,800     1,677,056      1.50  1,190,243     1,112,832  4,495,488      100.0
FTR             0             0      0.00          0             0          0        0.0
STG             0             0      0.00          0             0          0        0.0
BG              0             0      0.00          0             0          0        0.0
AUD         4,416        10,432      2.36      5,556         2,368     26,240        0.4
HUD         9,472        24,768      2.61     11,433         8,000    494,400        0.8
SRC       393,088       610,496      1.55    405,320       148,544  1,345,472       35.2
MISC      457,728       630,528      1.38    467,527       207,488  3,383,232       41.0
OTHR      278,336       579,904      2.08    300,408        23,424    747,392       24.9
WAIT      255,104       555,456      2.18    277,562         1,920    727,104       22.8
WORK      895,040     1,228,608      1.37    908,627       385,920  4,162,944       80.1
SHDT            0             0      0.00          0             0          0        0.0
SWRM        1,344         1,408      1.05      1,370           832      3,392        0.1
GCRA      387,648       604,864      1.56    399,875       144,128  1,339,968       34.7
SCPU            0             0      0.00          0             0          0        0.0
SCAT            0             0      0.00          0             0          0        0.0
SPRM            0             0      0.00          0             0          0        0.0
SINT            0             0      0.00          0             0          0        0.0
SPHD            0             0      0.00          0             0          0        0.0
SPHC            0             0      0.00          0             0          0        0.0
MWPN            0             0      0.00          0             0          0        0.0
MITM            0             0      0.00          0             0          0        0.0
MEFX            0             0      0.00          0             0          0        0.0
MACT            0             0      0.00          0             0          0        0.0
MPRT            0             0      0.00          0             0          0        0.0
MTEX            0             0      0.00        763             0  1,410,304        0.0
MCAP            0             0      0.00          0             0          0        0.0
MPRO            0             0      0.00          0             0          0        0.0
MCAM      457,600       630,400      1.38    467,398       207,360  3,383,104       41.0
MFLS          128           128      1.00        129            64        384        0.0
GPOL          597           643      1.08        551            29        675        0.1
GVTX        1,439         1,569      1.09      1,346            96      1,660        0.1
DGSA   2,221,927,571 4,052,476,767        2,144,070,467    408,983 4,294,514,885 198,954.8
DGSB   2,229,679,774 4,052,096,565        2,163,259,781    888,730 4,293,852,712 199,649.0
WORK-H    883,648     1,216,768      1.38    897,194       377,536  3,668,544       79.1

named=889,836 (74.8% of ALL)  VBI 2:1722 3:224 4:14 5+:1 max:9 total:1961  slips=0
Wrote artifacts/performance/2026-10-04_instrument-out/gate-default0.json
