rows 1972 frames 2 - 1973
bucket      mean       P50       P95       P99       max
ALL      2329602   2237376   4478464   5038656  12881152
WORK-H   2039131   1689088   4207488   4753152  12689088
SRC       653186    612416   1123840   1502912   2068224
SINT      310505    269760    631040    869056   1260544
SCPU       76462     73664    166592    201344    227648
SPHD      157687    157120    206336    470848    878528
SHDT       49043      9728    228416    409792    997504
SPRM       11961      3200     27712    227712    811136
SCAT        2068      1664      1920      3264    458048
FTR       718205    363200   2604480   2798720  11651776
STG       388317    384320    428288    432384   1242624
MISC      225495    201216    446272    532864   1914688
AUD        15408      3456    123456    146944    236352
HUD        19790     20352     45888     49216   1162112
WAIT      270681    263552    533952    554496    559616
VBlanks per presented frame: [(2, 113), (3, 812), (4, 588), (5, 139), (6, 37), (7, 67), (8, 179), (9, 22), (10, 7), (11, 4), (12, 1), (15, 1), (18, 1), (23, 1)]
mean FPS 14.39
band means
band       WORK-H      SRC     SINT     SCPU     SPHD     SHDT     SPRM     SCAT      FTR      STG     MISC      AUD      HUD
P40-60    1690634   660576   307921    94954   168816    51269     5676     2064   363581   384441   231032    12721    18548
P90-95    4077126   679690   324640   103703   175534    29533     4245     2200  2589885   390094   357443    20635    25385
P95-99    4356361   906122   458059   106502   205516    70567    20833     1809  2602632   390411   376868    40610    28342
P99+      6096419   995453   478672    83987   192048    89469    96266     1715  4354765   401978   290525     9075    28195
