Wrote artifacts/performance/2026-10-05_segment-window/w0-g2.csv
Tick-HUD buckets: target=smash64ds-p2-fourcpu-tickhud-hwtri samples=1960 frames=2..1961 melonDS=1.0 sha=DE80E46BDCF1FD98 git=422facd3b0b+dirty(32) dldi=ON

bucket p50           p95           spread mean          min        max           %ALLp50
------ ---           ---           ------ ----          ---        ---           -------
ALL     1,116,864     1,677,312      1.50  1,199,778     1,110,976 18,686,528      100.0
FTR             0             0      0.00          0             0          0        0.0
STG             0             0      0.00          0             0          0        0.0
BG              0             0      0.00          0             0          0        0.0
AUD         4,800        10,240      2.13      5,589         2,240     26,816        0.4
HUD         9,280        24,320      2.62     11,800         7,744    790,656        0.8
SRC       409,280       652,032      1.59    418,280       139,968  1,182,912       36.6
MISC      443,328       600,640      1.35    456,381       185,152 17,361,024       39.7
OTHR      282,752       601,664      2.13    307,729        22,848    776,512       25.3
WAIT      259,648       576,384      2.22    285,596         2,752    756,032       23.2
WORK      893,312     1,266,624      1.42    910,215       357,760 18,349,376       80.0
SHDT            0             0      0.00          0             0          0        0.0
SWRM        1,344         1,472      1.10      1,364           896      3,328        0.1
GCRA      403,712       646,656      1.60    412,773       135,296  1,177,408       36.1
SCPU            0             0      0.00          0             0          0        0.0
SCAT            0             0      0.00          0             0          0        0.0
SPRM            0             0      0.00          0             0          0        0.0
SINT            0             0      0.00          0             0          0        0.0
SPHD            0             0      0.00          0             0          0        0.0
SPHC            0             0      0.00          0             0          0        0.0
MWPN            0             0      0.00          0             0          0        0.0
MITM            0             0      0.00          0             0          0        0.0
MEFX            0             0      0.00          0             0          0        0.0
MACT            0             0      0.00          0             0          0        0.0
MPRT            0             0      0.00          0             0          0        0.0
MTEX            0             0      0.00        584             0  1,003,008        0.0
MCAP            0             0      0.00          0             0          0        0.0
MPRO            0             0      0.00          0             0          0        0.0
MCAM      443,200       600,512      1.35    456,245       185,024 17,360,896       39.7
MFLS          128           192      1.50        136           128        256        0.0
GPOL          562           655      1.17        530            51        723        0.1
GVTX        1,347         1,556      1.16      1,274           175      1,743        0.1
DGSA   2,171,201,471 4,069,725,545        2,131,774,420    226,229 4,293,447,369 194,401.6
DGSB   2,223,267,474 4,055,368,550        2,158,968,673    319,904 4,294,070,849 199,063.4
WORK-H    880,768     1,248,384      1.42    898,415       348,352 17,558,720       78.9

named=892,050 (74.4% of ALL)  VBI 2:1713 3:236 4:10 5+:2 max:38 total:1961  slips=0
extras: gNdsStageMPSweepFloorLoopLineSweepVisitCount=43,019
Wrote artifacts/performance/2026-10-05_segment-window/w0-g2.json
