Wrote artifacts/performance/2026-10-05_segment-window/w1-g2.csv
Tick-HUD buckets: target=smash64ds-p2-fourcpu-tickhud-hwtri samples=1960 frames=2..1961 melonDS=1.0 sha=DE80E46BDCF1FD98 git=422facd3b0b+dirty(31) dldi=ON

bucket p50           p95           spread mean          min        max           %ALLp50
------ ---           ---           ------ ----          ---        ---           -------
ALL     1,116,800     1,677,376      1.50  1,199,781     1,112,192 18,686,528      100.0
FTR             0             0      0.00          0             0          0        0.0
STG             0             0      0.00          0             0          0        0.0
BG              0             0      0.00          0             0          0        0.0
AUD         4,864        10,304      2.12      5,596         2,240     26,816        0.4
HUD         9,280        24,256      2.61     11,803         7,744    790,656        0.8
SRC       407,936       648,384      1.59    417,175       139,968  1,160,320       36.5
MISC      442,880       601,664      1.36    456,305       185,152 17,361,024       39.7
OTHR      283,264       602,944      2.13    308,902        22,272    776,512       25.4
WAIT      260,288       577,280      2.22    286,757         2,304    756,032       23.3
WORK      892,480     1,262,400      1.41    909,053       357,760 18,349,376       79.9
SHDT            0             0      0.00          0             0          0        0.0
SWRM        1,344         1,472      1.10      1,366           896      3,456        0.1
GCRA      402,624       642,880      1.60    411,663       135,296  1,154,880       36.1
SCPU            0             0      0.00          0             0          0        0.0
SCAT            0             0      0.00          0             0          0        0.0
SPRM            0             0      0.00          0             0          0        0.0
SINT            0             0      0.00          0             0          0        0.0
SPHD            0             0      0.00          0             0          0        0.0
SPHC            0             0      0.00          0             0          0        0.0
MWPN            0             0      0.00          0             0          0        0.0
MITM            0             0      0.00          0             0          0        0.0
MEFX            0             0      0.00          0             0          0        0.0
MACT            0             0      0.00          0             0          0        0.0
MPRT            0             0      0.00          0             0          0        0.0
MTEX            0             0      0.00        583             0  1,003,008        0.0
MCAP            0             0      0.00          0             0          0        0.0
MPRO            0             0      0.00          0             0          0        0.0
MCAM      442,688       601,536      1.36    456,168       185,024 17,360,896       39.6
MFLS          128           192      1.50        136           128        576        0.0
GPOL          562           655      1.17        530            51        723        0.1
GVTX        1,347         1,556      1.16      1,274           175      1,743        0.1
DGSA   2,171,201,471 4,069,725,545        2,131,774,420    226,229 4,293,447,369 194,412.7
DGSB   2,223,267,474 4,055,368,550        2,158,968,673    319,904 4,294,070,849 199,074.8
WORK-H    880,448     1,250,944      1.42    897,249       348,352 17,558,720       78.8

named=890,879 (74.3% of ALL)  VBI 2:1713 3:236 4:10 5+:2 max:38 total:1961  slips=0
extras: gNdsStageMPSweepFloorLoopLineSweepVisitCount=43,019
Wrote artifacts/performance/2026-10-05_segment-window/w1-g2.json
