Wrote artifacts/performance/2026-10-05_segment-window/w0-g7.csv
Tick-HUD buckets: target=smash64ds-p2-fourcpu-tickhud-hwtri samples=1960 frames=2..1961 melonDS=1.0 sha=DE80E46BDCF1FD98 git=422facd3b0b+dirty(31) dldi=ON

bucket p50           p95           spread mean          min        max           %ALLp50
------ ---           ---           ------ ----          ---        ---           -------
ALL     1,116,864     1,677,312      1.50  1,203,478     1,112,128 15,289,664      100.0
FTR             0             0      0.00          0             0          0        0.0
STG             0             0      0.00          0             0          0        0.0
BG              0             0      0.00          0             0          0        0.0
AUD         4,992        10,560      2.12      5,628         2,240     26,368        0.4
HUD         9,472        24,832      2.62     12,258         7,872    770,048        0.8
SRC       457,472       692,032      1.51    466,487       151,872  1,363,200       41.0
MISC      419,008       562,368      1.34    437,987       177,472 13,971,200       37.5
OTHR      255,872       567,296      2.22    281,118        23,296    772,800       22.9
WAIT      234,112       544,192      2.32    258,877         2,560    752,640       21.0
WORK      927,168     1,251,072      1.35    940,535       360,960 14,954,624       83.0
SHDT            0             0      0.00          0             0          0        0.0
SWRM        1,280         1,408      1.10      1,313           896      3,392        0.1
GCRA      451,776       686,656      1.52    461,027       147,328  1,357,824       40.5
SCPU            0             0      0.00          0             0          0        0.0
SCAT            0             0      0.00          0             0          0        0.0
SPRM            0             0      0.00          0             0          0        0.0
SINT            0             0      0.00          0             0          0        0.0
SPHD            0             0      0.00          0             0          0        0.0
SPHC            0             0      0.00          0             0          0        0.0
MWPN            0             0      0.00          0             0          0        0.0
MITM            0             0      0.00          0             0          0        0.0
MEFX            0             0      0.00          0             0          0        0.0
MACT            0             0      0.00          0             0          0        0.0
MPRT            0             0      0.00          0             0          0        0.0
MTEX            0             0      0.00        697             0  1,200,192        0.0
MCAP            0             0      0.00          0             0          0        0.0
MPRO            0             0      0.00          0             0          0        0.0
MCAM      418,880       562,176      1.34    437,851       177,344 13,971,072       37.5
MFLS          128           192      1.50        136           128        192        0.0
GPOL          534           599      1.12        518           107        637        0.0
GVTX        1,261         1,434      1.14      1,236           348      1,545        0.1
DGSA   2,210,163,411 4,177,770,340        2,172,861,237  1,496,193 4,293,538,848 197,890.1
DGSB   2,236,045,117 4,193,138,285        2,169,596,261  3,879,013 4,291,372,683 200,207.5
WORK-H    916,352     1,239,808      1.35    928,277       352,768 14,184,576       82.0

named=922,360 (76.6% of ALL)  VBI 2:1704 3:238 4:14 5+:5 max:32 total:1961  slips=0
extras: gNdsStageMPSweepFloorLoopLineSweepVisitCount=60,897
Wrote artifacts/performance/2026-10-05_segment-window/w0-g7.json
