Wrote artifacts/performance/2026-10-04_mobj-collect/gate-mc1.csv
Tick-HUD buckets: target=smash64ds-p2-fourcpu-tickhud-hwtri samples=1960 frames=2..1961 melonDS=1.0 sha=DE80E46BDCF1FD98 git=31f7363b5c5+dirty(16) dldi=ON

bucket p50           p95           spread mean          min        max           %ALLp50
------ ---           ---           ------ ----          ---        ---           -------
ALL     1,116,864     1,677,120      1.50  1,176,720     1,115,072  4,729,664      100.0
FTR             0             0      0.00          0             0          0        0.0
STG             0             0      0.00          0             0          0        0.0
BG              0             0      0.00          0             0          0        0.0
AUD         4,544        10,304      2.27      5,580         2,432     28,608        0.4
HUD         9,280        24,384      2.63     11,363         7,936    848,512        0.8
SRC       386,624       602,368      1.56    398,446       145,664  1,407,168       34.6
MISC      433,024       606,400      1.40    443,351       185,408  3,267,136       38.8
OTHR      302,080       598,656      1.98    317,981        22,144    772,096       27.0
WAIT      280,128       573,760      2.05    295,669         2,176    751,872       25.1
WORK      862,720     1,201,984      1.39    877,114       361,728  4,399,552       77.2
SHDT            0             0      0.00          0             0          0        0.0
SWRM        1,280         1,408      1.10      1,300           832      3,328        0.1
GCRA      381,248       597,056      1.57    393,156       141,376  1,402,112       34.1
SCPU            0             0      0.00          0             0          0        0.0
SCAT            0             0      0.00          0             0          0        0.0
SPRM            0             0      0.00          0             0          0        0.0
SINT            0             0      0.00          0             0          0        0.0
SPHD            0             0      0.00          0             0          0        0.0
SPHC            0             0      0.00          0             0          0        0.0
MWPN            0             0      0.00          0             0          0        0.0
MITM            0             0      0.00          0             0          0        0.0
MEFX            0             0      0.00          0             0          0        0.0
MACT            0             0      0.00          0             0          0        0.0
MPRT            0             0      0.00          0             0          0        0.0
MTEX            0             0      0.00        752             0  1,387,840        0.0
MCAP            0             0      0.00          0             0          0        0.0
MPRO            0             0      0.00          0             0          0        0.0
MCAM      432,896       606,208      1.40    443,195       185,216  3,267,008       38.8
MFLS          128           192      1.50        156           128        512        0.0
GPOL          597           643      1.08        551            29        675        0.1
GVTX        1,439         1,569      1.09      1,346            96      1,660        0.1
DGSA   2,221,927,571 4,052,476,767        2,144,070,467    408,983 4,294,514,885 198,943.4
DGSB   2,229,679,774 4,052,096,565        2,163,259,781    888,730 4,293,852,712 199,637.5
WORK-H    852,800     1,183,296      1.39    865,751       352,448  3,551,040       76.4

named=858,740 (73.0% of ALL)  VBI 2:1768 3:180 4:12 5+:1 max:9 total:1961  slips=0
Wrote artifacts/performance/2026-10-04_mobj-collect/gate-mc1.json
