Wrote artifacts/performance/2026-10-04_mobj-collect/gate-sd1.csv
Tick-HUD buckets: target=smash64ds-p2-fourcpu-tickhud-hwtri samples=1960 frames=2..1961 melonDS=1.0 sha=DE80E46BDCF1FD98 git=31f7363b5c5+dirty(16) dldi=ON

bucket p50           p95           spread mean          min        max           %ALLp50
------ ---           ---           ------ ----          ---        ---           -------
ALL     1,116,864     1,677,056      1.50  1,177,570     1,111,744  4,192,896      100.0
FTR             0             0      0.00          0             0          0        0.0
STG             0             0      0.00          0             0          0        0.0
BG              0             0      0.00          0             0          0        0.0
AUD         4,544        10,496      2.31      5,696         2,432     26,944        0.4
HUD         9,344        24,256      2.60     11,158         7,744    321,216        0.8
SRC       387,008       603,520      1.56    398,886       145,792  1,415,296       34.7
MISC      433,344       605,952      1.40    443,662       186,048  3,256,448       38.8
OTHR      300,864       598,016      1.99    318,169        23,616    772,032       26.9
WAIT      279,232       573,248      2.05    295,931         1,792    751,808       25.0
WORK      863,680     1,199,936      1.39    877,626       361,536  3,860,288       77.3
SHDT            0             0      0.00          0             0          0        0.0
SWRM        1,408         1,536      1.09      1,445           896      3,584        0.1
GCRA      380,928       597,824      1.57    393,330       141,248  1,409,792       34.1
SCPU            0             0      0.00          0             0          0        0.0
SCAT            0             0      0.00          0             0          0        0.0
SPRM            0             0      0.00          0             0          0        0.0
SINT            0             0      0.00          0             0          0        0.0
SPHD            0             0      0.00          0             0          0        0.0
SPHC            0             0      0.00          0             0          0        0.0
MWPN            0             0      0.00          0             0          0        0.0
MITM            0             0      0.00          0             0          0        0.0
MEFX            0             0      0.00          0             0          0        0.0
MACT            0             0      0.00          0             0          0        0.0
MPRT            0             0      0.00          0             0          0        0.0
MTEX            0             0      0.00        758             0  1,398,656        0.0
MCAP            0             0      0.00          0             0          0        0.0
MPRO            0             0      0.00          0             0          0        0.0
MCAM      433,216       605,824      1.40    443,526       185,920  3,256,320       38.8
MFLS          128           192      1.50        136           128        320        0.0
GPOL          597           643      1.08        551            29        675        0.1
GVTX        1,439         1,569      1.09      1,346            96      1,660        0.1
DGSA   2,221,927,571 4,052,476,767        2,144,070,467    408,983 4,294,514,885 198,943.4
DGSB   2,229,679,774 4,052,096,565        2,163,259,781    888,730 4,293,852,712 199,637.5
WORK-H    853,056     1,185,536      1.39    866,468       353,024  3,539,072       76.4

named=859,402 (73.0% of ALL)  VBI 2:1763 3:186 4:11 5+:1 max:8 total:1961  slips=0
Wrote artifacts/performance/2026-10-04_mobj-collect/gate-sd1.json
