rows 1535 frames 440 - 1973
bucket      mean       P50       P95       P99       max
ALL      1998178   1678016   2798208   3358336   4479040
WORK-H   1667445   1586816   2302656   2917824   4142208
SRC       636962    567104   1075904   1459200   2132160
SINT      306858    265408    609792    842944   1171200
SCPU       73337     65280    155200    196608    229120
SPHD      127401    118464    180480    444480    894016
SHDT       51945      9664    281280    461248    903488
SPRM       11609      3264     27200    232704    791744
SCAT        4105      1856      3328     88576    586944
FTR       380975    353024    750336    875968   1308672
STG       326161    325056    332864    335040    338496
MISC      281817    267328    490240    606720    686272
AUD        14476      3776    123008    148288    165504
HUD        66474     20480    448640    458304    477760
WAIT      264259    251776    522560    551104    559744
VBlanks per presented frame: [(3, 832), (4, 560), (5, 118), (6, 19), (7, 5), (8, 1)]
mean FPS 16.77
band means
band       WORK-H      SRC     SINT     SCPU     SPHD     SHDT     SPRM     SCAT      FTR      STG     MISC      AUD      HUD
P40-60    1584246   578533   287281    77849   119626    30319     4951     2338   344446   325803   295918    12355    68396
P90-95    2191934   941972   482255    74671   170259   109573    23284     5353   559933   327385   310987    24522    80582
P95-99    2496513  1126525   473442    68677   179650   218830    78296    12554   626995   327334   357574    31152    91908
P99+      3235572  1670808   442632    65852   217440   416080   310720    95748   785268   327400   404236    20996    25976
