arms: pre-route1 (rom 5D68834FB4E0, 1972 rows), a1-route1-slow384 (rom 907A5C2D3610, 1972 rows), a1-route1 (rom 907A5C2D3610, 1972 rows), a2-route1 (rom DE55F6EC925A, 1972 rows), a2nosin-route1 (rom 37DDFB15981C, 1972 rows), a3-route1 (rom 6662C0B1B8EA, 1972 rows), a4-route1 (rom 4F8D2264807C, 1972 rows), a5-route1 (rom C366E5D4AB4A, 1972 rows)

metric                      pre-route11-route1-slow384       a1-route1       a2-route1  a2nosin-route1       a3-route1       a4-route1       a5-route1
WORK-H P50                   1,556,096       1,541,568       1,522,464       1,522,944       1,523,200       1,404,768       1,406,656       1,404,128
WORK-H P95                   2,190,358       2,173,142       2,152,029       2,150,109       2,153,053       2,031,930       2,041,046       2,031,187
WORK-H P99                   2,815,923       2,820,072       2,805,443       2,819,005       2,793,812       2,668,605       2,691,960       2,690,529
WORK-H mean                  1,600,900       1,589,893       1,567,893       1,570,105       1,571,620       1,456,854       1,458,863       1,455,092
FTR P50                        228,992         212,448         190,656         188,064         192,192         186,016         184,832         183,552
FTR P95                        321,715         305,146         282,070         280,960         286,138         278,742         268,864         268,333
FTR P99                        812,019         799,085         784,164         770,921         783,465         764,504         766,104         766,360
FTR mean                       236,827         223,113         200,851         199,382         203,554         197,426         195,238         194,898
MTEX P50                             0               0               0               0               0               0               0               0
MTEX P95                             0               0               0               0               0               0               0               0
MTEX P99                             0               0               0               0               0               0               0               0
MTEX mean                          736             749             751             742             738             738             756             748
2-VBlank frames             121 (6.1%)      119 (6.0%)      126 (6.4%)      126 (6.4%)      124 (6.3%)     198 (10.0%)     198 (10.0%)     199 (10.1%)
3-VBlank                  1125 (57.0%)    1172 (59.4%)    1223 (62.0%)    1217 (61.7%)    1213 (61.5%)    1384 (70.1%)    1378 (69.8%)    1383 (70.1%)
4-VBlank                   638 (32.3%)     597 (30.3%)     544 (27.6%)     551 (27.9%)     555 (28.1%)     334 (16.9%)     342 (17.3%)     335 (17.0%)
5+-VBlank                    89 (4.5%)       85 (4.3%)       80 (4.1%)       79 (4.0%)       81 (4.1%)       57 (2.9%)       55 (2.8%)       56 (2.8%)

bands (WORK-H rank within each run)
  FTR      P40-60         233,945         221,390         196,624         196,178         198,967         193,884         190,497         189,769
  FTR      P90-95         332,065         324,816         311,072         316,234         306,080         309,317         289,628         302,417
  FTR      P95-99         441,022         416,516         378,600         388,346         398,351         375,181         395,459         379,407
  FTR      P99+           573,062         572,394         553,517         503,856         560,701         545,939         537,078         539,318
  WORK-H   P40-60       1,557,535       1,542,849       1,523,741       1,524,532       1,525,638       1,407,154       1,408,343       1,405,661
  WORK-H   P90-95       2,094,191       2,091,618       2,062,068       2,061,688       2,068,369       1,945,682       1,946,201       1,943,338
  WORK-H   P95-99       2,386,413       2,378,930       2,352,108       2,350,160       2,354,735       2,242,495       2,250,729       2,245,848
  WORK-H   P99+         4,269,821       4,266,858       4,250,278       4,255,165       4,239,738       4,127,568       4,163,280       4,168,029

per-range means (frame 3 = the lab admission frame: the poke lands at the first frame-complete marker, the admission runs at the next frame end; listed apart, excluded from its range)
  range                  col         pre-route11-route1-slow384       a1-route1       a2-route1  a2nosin-route1       a3-route1       a4-route1       a5-route1  paired d(last)
  frame 3 (admission)    FTR             17,920          21,568          12,096          11,904          11,584          12,224          11,840          11,648          -6,272
  frame 3 (admission)    WORK-H      26,523,200      26,564,160      26,561,024      26,512,896      26,475,136      26,379,904      26,389,440      26,438,784         -84,416
  frame 3 (admission)    MTEX         1,362,688       1,389,248       1,393,216       1,375,296       1,366,976       1,368,448       1,401,280       1,386,880         +24,192
  2-195 entry            FTR            102,533         101,759          88,547          88,371          89,623          87,368          87,413          87,659         -14,873
  2-195 entry            WORK-H       1,065,565       1,069,870       1,055,967       1,055,497       1,056,442         977,107         975,258         974,672         -90,894
  2-195 entry            MTEX                 0               0               0               0               0               0               0               0              +0
  196-797                FTR            256,176         240,508         217,282         215,299         220,092         213,420         210,871         210,425         -45,750
  196-797                WORK-H       1,549,782       1,535,642       1,512,798       1,515,333       1,516,312       1,397,944       1,400,404       1,396,142        -153,640
  196-797                MTEX                 0               0               0               0               0               0               0               0              +0
  798-1043 P0 episode    FTR            264,466         247,806         223,212         222,119         226,894         220,128         216,801         216,224         -48,242
  798-1043 P0 episode    WORK-H       1,751,364       1,738,085       1,713,590       1,716,878       1,720,502       1,598,056       1,597,939       1,594,288        -157,076
  798-1043 P0 episode    MTEX                91              88              90              89              92              89              91              93              +3
  1044-1974              FTR            245,097         230,721         207,810         206,305         210,525         204,106         201,988         201,659         -43,439
  1044-1974              WORK-H       1,678,488       1,666,877       1,644,380       1,646,710       1,648,174       1,530,398       1,533,470       1,529,268        -149,220
  1044-1974              MTEX                71              72              71              70              71              70              72              71              -1
