Wrote D:\Stuff\DevFolder\Smash64DS_Port\artifacts\performance\2026-10-05_cpu-detect-fixed/sz-q4.csv
Tick-HUD buckets: target=smash64ds-p2-fourcpu-tickhud-hwtri samples=1960 frames=2..1961 melonDS=1.0 sha=DE80E46BDCF1FD98 git=6e9ad3ce79b+dirty(35) dldi=ON

bucket p50           p95           spread mean          min        max           %ALLp50
------ ---           ---           ------ ----          ---        ---           -------
ALL     1,116,800     1,677,184      1.50  1,194,986     1,110,720 17,203,968      100.0
FTR             0             0      0.00          0             0          0        0.0
STG             0             0      0.00          0             0          0        0.0
BG              0             0      0.00          0             0          0        0.0
AUD         4,352         9,792      2.25      5,408         2,368     26,880        0.4
HUD         8,832        24,256      2.75     10,947         7,936    750,784        0.8
SRC       446,784       661,248      1.48    454,630       154,752  1,064,000       40.0
MISC      410,752       573,696      1.40    428,253       152,000 15,901,632       36.8
OTHR      278,336       566,848      2.04    295,748        21,568    793,984       24.9
WAIT      256,512       542,016      2.11    273,921         2,304    774,144       23.0
WORK      897,152     1,228,160      1.37    917,337       339,520 16,865,728       80.3
SHDT      812,863     1,131,455      1.39    834,894       297,983 16,070,335       72.8
SWRM        1,344         1,472      1.10      1,376           960      3,264        0.1
GCRA      441,280       655,808      1.49    449,149       150,016  1,058,496       39.5
SCPU            0             0      0.00          0             0          0        0.0
SCAT            0             0      0.00          0             0          0        0.0
SPRM            0             0      0.00          0             0          0        0.0
SINT            0             0      0.00          0             0          0        0.0
SPHD            0             0      0.00          0             0          0        0.0
SPHC            0             0      0.00          0             0          0        0.0
MWPN            0             0      0.00          0             0          0        0.0
MITM            0             0      0.00          0             0          0        0.0
MEFX            0             0      0.00          0             0          0        0.0
MACT            0             0      0.00          0             0          0        0.0
MPRT            0             0      0.00          0             0          0        0.0
MTEX            0             0      0.00        574             0  1,039,808        0.0
MCAP            0             0      0.00          0             0          0        0.0
MPRO            0             0      0.00          0             0          0        0.0
MCAM      410,624       573,568      1.40    428,147       151,936 15,901,504       36.8
MFLS          128           128      1.00        106            64        128        0.0
GPOL          477           567      1.19        463            47        602        0.0
GVTX        1,073         1,334      1.24      1,060           157      1,442        0.1
DGSA   2,151,297,068 4,051,513,036        2,133,514,594    676,991 4,286,422,441 192,630.5
DGSB   2,119,168,438 4,104,172,124   1.94 2,135,049,252  2,524,074 4,280,928,178 189,753.6
WORK-H    887,616     1,217,280      1.37    906,390       331,264 16,114,944       79.5

named=899,238 (75.3% of ALL)  VBI 2:1727 3:222 4:10 5+:2 max:35 total:1961  slips=0
Wrote D:\Stuff\DevFolder\Smash64DS_Port\artifacts\performance\2026-10-05_cpu-detect-fixed/sz-q4.json
