Wrote D:\Stuff\DevFolder\Smash64DS_Port\artifacts\performance\2026-10-05_cpu-detect-fixed/sz-q5.csv
Tick-HUD buckets: target=smash64ds-p2-fourcpu-tickhud-hwtri samples=1960 frames=2..1961 melonDS=1.0 sha=DE80E46BDCF1FD98 git=6e9ad3ce79b+dirty(35) dldi=ON

bucket p50           p95           spread mean          min        max           %ALLp50
------ ---           ---           ------ ----          ---        ---           -------
ALL     1,116,800     1,677,312      1.50  1,200,711     1,111,552 17,232,768      100.0
FTR             0             0      0.00          0             0          0        0.0
STG             0             0      0.00          0             0          0        0.0
BG              0             0      0.00          0             0          0        0.0
AUD         4,416         9,728      2.20      5,364         2,432     26,560        0.4
HUD         8,832        24,256      2.75     10,971         7,936    799,808        0.8
SRC       445,184       658,752      1.48    452,520       155,136  1,061,824       39.9
MISC      417,408       583,040      1.40    433,932       152,896 15,886,848       37.4
OTHR      280,256       566,208      2.02    297,923        23,680    804,544       25.1
WAIT      259,136       543,936      2.10    275,962         2,432    782,592       23.2
WORK      902,528     1,229,376      1.36    921,040       340,416 16,899,648       80.8
SHDT      810,431     1,127,615      1.39    833,492       297,279 16,054,975       72.6
SWRM        1,344         1,408      1.05      1,342           896      3,392        0.1
GCRA      439,680       653,440      1.49    447,065       150,592  1,056,448       39.4
SCPU            0             0      0.00          0             0          0        0.0
SCAT            0             0      0.00          0             0          0        0.0
SPRM            0             0      0.00          0             0          0        0.0
SINT            0             0      0.00          0             0          0        0.0
SPHD            0             0      0.00          0             0          0        0.0
SPHC            0             0      0.00          0             0          0        0.0
MWPN            0             0      0.00          0             0          0        0.0
MITM            0             0      0.00          0             0          0        0.0
MEFX            0             0      0.00          0             0          0        0.0
MACT            0             0      0.00          0             0          0        0.0
MPRT            0             0      0.00          0             0          0        0.0
MTEX            0             0      0.00        570             0  1,032,192        0.0
MCAP            0             0      0.00          0             0          0        0.0
MPRO            0             0      0.00          0             0          0        0.0
MCAM      417,344       582,976      1.40    433,825       152,832 15,886,720       37.4
MFLS          128           128      1.00        107            64        448        0.0
GPOL          477           567      1.19        463            47        603        0.0
GVTX        1,073         1,334      1.24      1,060           157      1,446        0.1
DGSA   2,151,297,068 4,051,513,036        2,133,514,594    676,991 4,286,422,441 192,630.5
DGSB   2,119,168,438 4,104,172,124   1.94 2,135,049,252  2,524,074 4,280,928,178 189,753.6
WORK-H    892,352     1,216,256      1.36    910,068       331,968 16,099,840       79.9

named=902,787 (75.2% of ALL)  VBI 2:1707 3:242 4:10 5+:2 max:35 total:1961  slips=0
Wrote D:\Stuff\DevFolder\Smash64DS_Port\artifacts\performance\2026-10-05_cpu-detect-fixed/sz-q5.json
