Wrote D:\Stuff\DevFolder\Smash64DS_Port\artifacts\performance\2026-10-05_cpu-detect-fixed/yo-q6.csv
Tick-HUD buckets: target=smash64ds-p2-fourcpu-tickhud-hwtri samples=1960 frames=2..1961 melonDS=1.0 sha=DE80E46BDCF1FD98 git=6e9ad3ce79b+dirty(36) dldi=ON

bucket p50           p95           spread mean          min        max           %ALLp50
------ ---           ---           ------ ----          ---        ---           -------
ALL     1,116,800     1,677,120      1.50  1,199,223     1,112,640  4,764,544      100.0
FTR             0             0      0.00          0             0          0        0.0
STG             0             0      0.00          0             0          0        0.0
BG              0             0      0.00          0             0          0        0.0
AUD         5,056        10,048      1.99      5,642         2,368     28,288        0.5
HUD         9,024        24,192      2.68     11,396         7,808    817,664        0.8
SRC       391,616       649,344      1.66    408,725       134,656  1,136,064       35.1
MISC      445,248       679,936      1.53    458,923       175,936  3,334,784       39.9
OTHR      295,104       592,512      2.01    314,537        23,936    793,472       26.4
WAIT      274,112       568,576      2.07    293,013         2,432    773,760       24.5
WORK      892,352     1,269,760      1.42    902,199       339,712  4,433,600       79.9
SHDT      785,471     1,162,175      1.48    804,128       297,855  2,315,967       70.3
SWRM        1,280         1,408      1.10      1,321           896      4,224        0.1
GCRA      386,176       641,536      1.66    403,397       130,176  1,130,688       34.6
SCPU            0             0      0.00          0             0          0        0.0
SCAT            0             0      0.00          0             0          0        0.0
SPRM            0             0      0.00          0             0          0        0.0
SINT            0             0      0.00          0             0          0        0.0
SPHD            0             0      0.00          0             0          0        0.0
SPHC            0             0      0.00          0             0          0        0.0
MWPN            0             0      0.00          0             0          0        0.0
MITM            0             0      0.00          0             0          0        0.0
MEFX            0             0      0.00          0             0          0        0.0
MACT            0             0      0.00          0             0          0        0.0
MPRT            0             0      0.00          0             0          0        0.0
MTEX            0             0      0.00        278             0    274,880        0.0
MCAP            0             0      0.00          0             0          0        0.0
MPRO            0             0      0.00          0             0          0        0.0
MCAM      445,184       679,872      1.53    458,818       175,808  3,334,656       39.9
MFLS          128           128      1.00        105            64        320        0.0
GPOL          536           611      1.14        487            57        663        0.0
GVTX        1,377         1,575      1.14      1,267           185      1,762        0.1
DGSA   2,119,280,374 4,084,045,404   1.93 2,146,328,221  5,064,253 4,294,579,349 189,763.6
DGSB   2,061,157,662 4,054,350,453   1.97 2,114,667,851    755,242 4,291,943,493 184,559.2
WORK-H    880,448     1,253,056      1.42    890,802       331,584  3,615,936       78.8

named=884,686 (73.8% of ALL)  VBI 2:1686 3:267 4:6 5+:2 max:9 total:1961  slips=0
Wrote D:\Stuff\DevFolder\Smash64DS_Port\artifacts\performance\2026-10-05_cpu-detect-fixed/yo-q6.json
