Wrote D:\Stuff\DevFolder\Smash64DS_Port\artifacts\performance\2026-10-05_cpu-detect-fixed/yo-q4.csv
Tick-HUD buckets: target=smash64ds-p2-fourcpu-tickhud-hwtri samples=1960 frames=2..1961 melonDS=1.0 sha=DE80E46BDCF1FD98 git=6e9ad3ce79b+dirty(35) dldi=ON

bucket p50           p95           spread mean          min        max           %ALLp50
------ ---           ---           ------ ----          ---        ---           -------
ALL     1,116,800     1,677,120      1.50  1,200,624     1,112,832  4,706,432      100.0
FTR             0             0      0.00          0             0          0        0.0
STG             0             0      0.00          0             0          0        0.0
BG              0             0      0.00          0             0          0        0.0
AUD         4,992        10,048      2.01      5,646         2,368     28,096        0.4
HUD         9,152        24,320      2.66     11,442         7,872    758,720        0.8
SRC       393,536       654,976      1.66    411,369       135,872  1,168,000       35.2
MISC      444,480       678,144      1.53    458,470       176,064  3,336,640       39.8
OTHR      293,440       593,408      2.02    313,696        22,592    792,640       26.3
WAIT      272,320       569,344      2.09    292,072         1,856    772,480       24.4
WORK      894,016     1,273,408      1.42    904,543       341,056  4,374,912       80.1
SHDT      787,327     1,169,535      1.49    806,622       298,815  2,316,479       70.5
SWRM        1,344         1,472      1.10      1,355           896      3,904        0.1
GCRA      388,032       648,960      1.67    405,867       131,200  1,162,624       34.7
SCPU            0             0      0.00          0             0          0        0.0
SCAT            0             0      0.00          0             0          0        0.0
SPRM            0             0      0.00          0             0          0        0.0
SINT            0             0      0.00          0             0          0        0.0
SPHD            0             0      0.00          0             0          0        0.0
SPHC            0             0      0.00          0             0          0        0.0
MWPN            0             0      0.00          0             0          0        0.0
MITM            0             0      0.00          0             0          0        0.0
MEFX            0             0      0.00          0             0          0        0.0
MACT            0             0      0.00          0             0          0        0.0
MPRT            0             0      0.00          0             0          0        0.0
MTEX            0             0      0.00        277             0    275,392        0.0
MCAP            0             0      0.00          0             0          0        0.0
MPRO            0             0      0.00          0             0          0        0.0
MCAM      444,352       678,016      1.53    458,363       176,000  3,336,512       39.8
MFLS          128           128      1.00        107            64        128        0.0
GPOL          536           611      1.14        487            57        663        0.0
GVTX        1,377         1,575      1.14      1,267           185      1,762        0.1
DGSA   2,119,280,374 4,084,045,404   1.93 2,146,328,221  5,064,253 4,294,579,349 189,763.6
DGSB   2,061,157,662 4,054,350,453   1.97 2,114,667,851    755,242 4,291,943,493 184,559.2
WORK-H    883,264     1,264,832      1.43    893,101       332,928  3,616,192       79.1

named=886,927 (73.9% of ALL)  VBI 2:1681 3:272 4:6 5+:2 max:9 total:1961  slips=0
Wrote D:\Stuff\DevFolder\Smash64DS_Port\artifacts\performance\2026-10-05_cpu-detect-fixed/yo-q4.json
