Wrote D:\Stuff\DevFolder\Smash64DS_Port\artifacts\performance\2026-10-05_cpu-detect-fixed/gate-q6.csv
Tick-HUD buckets: target=smash64ds-p2-fourcpu-tickhud-hwtri samples=1960 frames=2..1961 melonDS=1.0 sha=DE80E46BDCF1FD98 git=6e9ad3ce79b+dirty(36) dldi=ON

bucket p50           p95           spread mean          min        max           %ALLp50
------ ---           ---           ------ ----          ---        ---           -------
ALL     1,116,800     1,118,400      1.00  1,144,730     1,111,680  4,404,416      100.0
FTR             0             0      0.00          0             0          0        0.0
STG             0             0      0.00          0             0          0        0.0
BG              0             0      0.00          0             0          0        0.0
AUD         4,864        10,432      2.14      5,654         2,432     26,368        0.4
HUD         8,896        24,128      2.71     11,501         7,808    469,056        0.8
SRC       359,296       556,800      1.55    370,005       133,888  1,009,408       32.2
MISC      407,040       550,784      1.35    412,568       176,832  3,340,096       36.4
OTHR      339,712       629,696      1.85    345,001        25,536    792,128       30.4
WAIT      319,680       605,824      1.90    323,529         5,824    771,968       28.6
WORK      808,000     1,097,152      1.36    817,397       341,312  4,073,600       72.3
SHDT      704,255       987,711      1.40    719,326       298,815  1,854,463       63.1
SWRM        1,280         1,408      1.10      1,303           896      3,200        0.1
GCRA      353,984       551,616      1.56    364,706       129,344  1,003,904       31.7
SCPU            0             0      0.00          0             0          0        0.0
SCAT            0             0      0.00          0             0          0        0.0
SPRM            0             0      0.00          0             0          0        0.0
SINT            0             0      0.00          0             0          0        0.0
SPHD            0             0      0.00          0             0          0        0.0
SPHC            0             0      0.00          0             0          0        0.0
MWPN            0             0      0.00          0             0          0        0.0
MITM            0             0      0.00          0             0          0        0.0
MEFX            0             0      0.00          0             0          0        0.0
MACT            0             0      0.00          0             0          0        0.0
MPRT            0             0      0.00          0             0          0        0.0
MTEX            0             0      0.00        372             0    651,904        0.0
MCAP            0             0      0.00          0             0          0        0.0
MPRO            0             0      0.00          0             0          0        0.0
MCAM      406,912       550,720      1.35    412,462       176,704  3,339,968       36.4
MFLS          128           128      1.00        106            64        128        0.0
GPOL          592           673      1.14        542            29        755        0.1
GVTX        1,419         1,596      1.12      1,315            96      1,750        0.1
DGSA   2,250,718,284 4,050,421,973        2,184,942,484  1,678,878 4,291,383,562 201,532.8
DGSB   2,254,346,240 4,035,342,474        2,215,590,844  2,771,092 4,285,088,836 201,857.7
WORK-H    796,800     1,085,568      1.36    805,896       332,672  3,604,544       71.3

named=799,728 (69.9% of ALL)  VBI 2:1870 3:88 4:2 5+:1 max:8 total:1961  slips=0
Wrote D:\Stuff\DevFolder\Smash64DS_Port\artifacts\performance\2026-10-05_cpu-detect-fixed/gate-q6.json
