Wrote D:\Stuff\DevFolder\Smash64DS_Port\artifacts\performance\2026-10-05_cpu-detect-fixed/gate-q4.csv
Tick-HUD buckets: target=smash64ds-p2-fourcpu-tickhud-hwtri samples=1960 frames=2..1961 melonDS=1.0 sha=DE80E46BDCF1FD98 git=6e9ad3ce79b+dirty(35) dldi=ON

bucket p50           p95           spread mean          min        max           %ALLp50
------ ---           ---           ------ ----          ---        ---           -------
ALL     1,116,800     1,118,848      1.00  1,144,406     1,111,616  4,328,128      100.0
FTR             0             0      0.00          0             0          0        0.0
STG             0             0      0.00          0             0          0        0.0
BG              0             0      0.00          0             0          0        0.0
AUD         4,864        10,432      2.14      5,698         2,432     23,104        0.4
HUD         9,024        24,000      2.66     11,522         7,936    371,776        0.8
SRC       360,320       558,016      1.55    371,652       134,976  1,009,856       32.3
MISC      406,016       549,440      1.35    411,510       176,256  3,357,568       36.4
OTHR      338,944       629,824      1.86    344,024        22,144    791,104       30.3
WAIT      317,696       605,952      1.91    322,463         2,432    771,456       28.4
WORK      808,128     1,098,496      1.36    818,129       342,016  3,996,160       72.4
SHDT      705,087       990,719      1.41    720,284       299,455  1,859,071       63.1
SWRM        1,408         1,472      1.05      1,373           896      3,328        0.1
GCRA      354,560       552,704      1.56    366,145       130,432  1,004,224       31.7
SCPU            0             0      0.00          0             0          0        0.0
SCAT            0             0      0.00          0             0          0        0.0
SPRM            0             0      0.00          0             0          0        0.0
SINT            0             0      0.00          0             0          0        0.0
SPHD            0             0      0.00          0             0          0        0.0
SPHC            0             0      0.00          0             0          0        0.0
MWPN            0             0      0.00          0             0          0        0.0
MITM            0             0      0.00          0             0          0        0.0
MEFX            0             0      0.00          0             0          0        0.0
MACT            0             0      0.00          0             0          0        0.0
MPRT            0             0      0.00          0             0          0        0.0
MTEX            0             0      0.00        370             0    646,592        0.0
MCAP            0             0      0.00          0             0          0        0.0
MPRO            0             0      0.00          0             0          0        0.0
MCAM      405,888       549,312      1.35    411,404       176,128  3,357,440       36.3
MFLS          128           128      1.00        106            64        192        0.0
GPOL          592           673      1.14        542            29        755        0.1
GVTX        1,419         1,596      1.12      1,315            96      1,750        0.1
DGSA   2,250,718,284 4,050,421,973        2,184,942,484  1,678,878 4,291,383,562 201,532.8
DGSB   2,254,346,240 4,035,342,474        2,215,590,844  2,771,092 4,285,088,836 201,857.7
WORK-H    797,120     1,086,848      1.36    806,607       333,568  3,624,384       71.4

named=800,382 (69.9% of ALL)  VBI 2:1871 3:87 4:2 5+:1 max:8 total:1961  slips=0
Wrote D:\Stuff\DevFolder\Smash64DS_Port\artifacts\performance\2026-10-05_cpu-detect-fixed/gate-q4.json
