Wrote artifacts/performance/2026-10-06_weapon-tree/sz-q49.csv
Tick-HUD buckets: target=smash64ds-p2-fourcpu-tickhud-hwtri samples=1960 frames=2..1961 melonDS=1.0 sha=DE80E46BDCF1FD98 git=f8e22c5a117+dirty(35) dldi=ON

bucket p50           p95           spread mean          min        max           %ALLp50
------ ---           ---           ------ ----          ---        ---           -------
ALL     1,116,864     1,677,056      1.50  1,167,199     1,111,360 13,009,024      100.0
FTR             0             0      0.00          0             0          0        0.0
STG             0             0      0.00          0             0          0        0.0
BG              0             0      0.00          0             0          0        0.0
AUD         4,480         9,856      2.20      5,559         2,560     32,832        0.4
HUD         8,896        23,936      2.69     10,718         8,000    552,000        0.8
SRC       402,816       608,576      1.51    412,148       144,064    993,216       36.1
MISC      404,864       555,072      1.37    418,022       147,840 11,920,448       36.3
OTHR      315,328       551,872      1.75    320,752        21,568    808,320       28.2
WAIT      294,144       527,616      1.79    299,180         2,432    788,928       26.3
WORK      847,168     1,179,712      1.39    864,312       324,672 12,673,472       75.9
SHDT      766,719     1,086,591      1.42    787,167       283,519 12,077,503       68.6
SWRM        1,216         1,280      1.05      1,228           832      3,200        0.1
GCRA      397,504       601,344      1.51    406,934       139,776    988,032       35.6
SCPU            0             0      0.00          0             0          0        0.0
SCAT            0             0      0.00          0             0          0        0.0
SPRM            0             0      0.00          0             0          0        0.0
SINT            0             0      0.00          0             0          0        0.0
SPHD            0             0      0.00          0             0          0        0.0
SPHC            0             0      0.00          0             0          0        0.0
MWPN            0             0      0.00          0             0          0        0.0
MITM            0             0      0.00          0             0          0        0.0
MEFX            0             0      0.00          0             0          0        0.0
MACT            0             0      0.00          0             0          0        0.0
MPRT            0             0      0.00          0             0          0        0.0
MTEX            0             0      0.00        578             0  1,050,624        0.0
MCAP            0             0      0.00          0             0          0        0.0
MPRO            0             0      0.00          0             0          0        0.0
MCAM      404,800       555,008      1.37    417,935       147,712 11,920,384       36.2
MFLS           64           128      2.00         87            64        128        0.0
GPOL          479           563      1.18        468            47        604        0.0
GVTX        1,076         1,326      1.23      1,067           157      1,414        0.1
DGSA   1,982,771,384 4,076,567,827   2.06 2,069,991,562  1,144,501 4,290,014,124 177,530.2
DGSB   1,945,106,396 4,046,197,795   2.08 2,047,100,960  1,419,697 4,294,662,282 174,157.9
WORK-H    837,632     1,166,080      1.39    853,594       316,224 12,121,472       75.0

named=846,447 (72.5% of ALL)  VBI 2:1814 3:137 4:9 5+:1 max:28 total:1961  slips=0
Wrote artifacts/performance/2026-10-06_weapon-tree/sz-q49.json
