Wrote artifacts/performance/2026-10-06_weapon-tree/gate-q49.csv
Tick-HUD buckets: target=smash64ds-p2-fourcpu-tickhud-hwtri samples=1960 frames=2..1961 melonDS=1.0 sha=DE80E46BDCF1FD98 git=f8e22c5a117+dirty(34) dldi=ON

bucket p50           p95           spread mean          min        max           %ALLp50
------ ---           ---           ------ ----          ---        ---           -------
ALL     1,116,864     1,117,888      1.00  1,139,940     1,110,976  4,403,456      100.0
FTR             0             0      0.00          0             0          0        0.0
STG             0             0      0.00          0             0          0        0.0
BG              0             0      0.00          0             0          0        0.0
AUD         4,928        10,560      2.14      5,828         2,496     27,712        0.4
HUD         8,960        24,320      2.71     12,077         7,936    474,944        0.8
SRC       323,712       534,720      1.65    338,342       122,880  1,089,344       29.0
MISC      395,392       504,192      1.28    397,672       169,216  3,347,520       35.4
OTHR      384,512       651,904      1.70    386,021        21,888    809,280       34.4
WAIT      363,008       626,496      1.73    364,922         2,368    789,568       32.5
WORK      759,552     1,069,184      1.41    771,219       323,968  4,074,944       68.0
SHDT      656,575       945,791      1.44    672,315       281,791  2,037,119       58.8
SWRM        1,280         1,408      1.10      1,292           832      3,264        0.1
GCRA      318,400       527,872      1.66    332,850       118,208  1,079,552       28.5
SCPU            0             0      0.00          0             0          0        0.0
SCAT            0             0      0.00          0             0          0        0.0
SPRM            0             0      0.00          0             0          0        0.0
SINT            0             0      0.00          0             0          0        0.0
SPHD            0             0      0.00          0             0          0        0.0
SPHC            0             0      0.00          0             0          0        0.0
MWPN            0             0      0.00          0             0          0        0.0
MITM            0             0      0.00          0             0          0        0.0
MEFX            0             0      0.00          0             0          0        0.0
MACT            0             0      0.00          0             0          0        0.0
MPRT            0             0      0.00          0             0          0        0.0
MTEX            0             0      0.00        382             0    659,776        0.0
MCAP            0             0      0.00          0             0          0        0.0
MPRO            0             0      0.00          0             0          0        0.0
MCAM      395,328       504,128      1.28    397,585       169,152  3,347,392       35.4
MFLS           64           128      2.00         88            64        256        0.0
GPOL          579           635      1.10        528            29        691        0.1
GVTX        1,391         1,538      1.11      1,289            96      1,696        0.1
DGSA   2,248,335,339 4,075,150,473        2,175,121,965  1,678,878 4,293,768,656 201,307.9
DGSB   2,199,387,508 4,042,030,381        2,153,908,362  2,771,092 4,294,399,859 196,925.3
WORK-H    748,544     1,057,024      1.41    759,142       315,136  3,600,000       67.0

named=753,919 (66.1% of ALL)  VBI 2:1888 3:69 4:3 5+:1 max:8 total:1961  slips=0
Wrote artifacts/performance/2026-10-06_weapon-tree/gate-q49.json
