Wrote D:\Stuff\DevFolder\Smash64DS_Port\artifacts\performance\2026-10-05_camera-fixed/yo-q3.csv
Tick-HUD buckets: target=smash64ds-p2-fourcpu-tickhud-hwtri samples=1960 frames=2..1961 melonDS=1.0 sha=DE80E46BDCF1FD98 git=4011b3b0316+dirty(34) dldi=ON

bucket p50           p95           spread mean          min        max           %ALLp50
------ ---           ---           ------ ----          ---        ---           -------
ALL     1,116,800     1,677,120      1.50  1,199,480     1,112,832  4,700,352      100.0
FTR             0             0      0.00          0             0          0        0.0
STG             0             0      0.00          0             0          0        0.0
BG              0             0      0.00          0             0          0        0.0
AUD         5,056         9,984      1.97      5,620         2,368     30,272        0.5
HUD         9,024        23,808      2.64     11,325         7,744    773,056        0.8
SRC       392,512       651,648      1.66    410,051       135,872  1,149,376       35.1
MISC      444,544       678,784      1.53    458,400       177,280  3,316,352       39.8
OTHR      295,040       591,936      2.01    314,084        23,424    790,912       26.4
WAIT      274,112       567,808      2.07    292,585         2,304    771,648       24.5
WORK      892,032     1,269,568      1.42    902,877       341,888  4,369,856       79.9
SHDT      787,967     1,165,119      1.48    805,746       299,775  2,315,007       70.6
SWRM        1,280         1,408      1.10      1,302           896      3,392        0.1
GCRA      387,200       646,272      1.67    404,634       131,264  1,144,000       34.7
SCPU            0             0      0.00          0             0          0        0.0
SCAT            0             0      0.00          0             0          0        0.0
SPRM            0             0      0.00          0             0          0        0.0
SINT            0             0      0.00          0             0          0        0.0
SPHD            0             0      0.00          0             0          0        0.0
SPHC            0             0      0.00          0             0          0        0.0
MWPN            0             0      0.00          0             0          0        0.0
MITM            0             0      0.00          0             0          0        0.0
MEFX            0             0      0.00          0             0          0        0.0
MACT            0             0      0.00          0             0          0        0.0
MPRT            0             0      0.00          0             0          0        0.0
MTEX            0             0      0.00        277             0    275,264        0.0
MCAP            0             0      0.00          0             0          0        0.0
MPRO            0             0      0.00          0             0          0        0.0
MCAM      444,416       678,592      1.53    458,292       177,152  3,316,224       39.8
MFLS          128           128      1.00        108            64        192        0.0
GPOL          536           611      1.14        487            57        663        0.0
GVTX        1,377         1,575      1.14      1,267           185      1,762        0.1
DGSA   2,119,280,374 4,084,045,404   1.93 2,146,328,221  5,064,253 4,294,579,349 189,763.6
DGSB   2,061,157,662 4,054,350,453   1.97 2,114,667,851    755,242 4,291,943,493 184,559.2
WORK-H    881,536     1,260,352      1.43    891,552       333,824  3,596,800       78.9

named=885,396 (73.8% of ALL)  VBI 2:1685 3:268 4:6 5+:2 max:9 total:1961  slips=0
Wrote D:\Stuff\DevFolder\Smash64DS_Port\artifacts\performance\2026-10-05_camera-fixed/yo-q3.json
