439
440
441
442
443
444
459
463
464
467
468
470
478
480
483
484
485
486
487
488
508
511
512
513
514
517
565
566
567
572
574
576
577
579
581
583
584
585
586
587
589
591
594
595
599
600
602
604
606
607
608
615
629
630
635
637
638
640
641
643
644
646
647
650
662
664
665
666
667
668
669
670
671
672
674
675
679
691
692
693
694
695
696
703
706
709
710
715
716
717
718
719
728
733
734
739
743
744
748
749
750
751
753
754
756
768
770
841
861
865
866
867
869
870
871
873
896
899
900
902
905
906
909
910
911
913
914
920
922
923
924
926
927
929
930
931
932
934
935
936
937
938
939
940
943
944
945
946
947
948
949
950
965
966
967
968
970
971
972
974
978
979
980
981
1002
1005
1018
1038
1043
1044
1045
1046
1061
1062
1063
1064
1066
1067
1068
1070
1071
1073
1074
1075
1076
1077
1078
1079
1080
1081
1082
1083
1084
1086
1087
1088
1089
1090
1091
1092
1093
1094
1095
1096
1097
1098
1099
1100
1101
1103
1104
1105
1107
1108
1109
1110
1111
1113
1114
1115
1116
1117
1118
1119
1120
1121
1122
1125
1127
1128
1129
1134
1135
1136
1137
1138
1139
1140
1141
1142
1143
1144
1146
1147
1148
1149
1150
1151
1152
1154
1156
1157
1160
1167
1168
1169
1170
1171
1172
1173
1174
1175
1176
1177
1179
1180
1184
1185
1187
1189
1190
1191
1192
1193
1194
1195
1196
1197
1199
1200
1201
1202
1203
1204
1205
1207
1208
1209
1211
1212
1213
1214
1215
1217
1219
1220
1221
1223
1224
1226
1236
1237
1238
1239
1241
1242
1243
1244
1245
1247
1248
1250
1253
1255
1256
1257
1258
1259
1260
1261
1262
1265
1266
1268
1269
1270
1271
1272
1273
1274
1275
1288
1290
1292
1293
1298
1299
1300
1318
1328
1329
1330
1338
1340
1341
1342
1344
1347
1348
1350
1353
1354
1355
1356
1357
1360
1361
1362
1363
1365
1366
1367
1368
1371
1386
1387
1388
1390
1392
1393
1394
1395
1396
1397
1398
1399
1400
1402
1403
1404
1405
1406
1408
1409
1410
1411
1413
1414
1415
1416
1417
1418
1419
1420
1421
1422
1423
1425
1426
1427
1429
1430
1431
1432
1436
1438
1440
1441
1442
1443
1444
1445
1446
1450
1451
1452
1458
1467
1468
1469
1470
1481
1482
1483
1484
1485
1486
1487
1488
1496
1497
1498
1501
1502
1503
1504
1505
1507
1508
1509
1510
1511
1513
1514
1515
1516
1517
1519
1520
1521
1522
1523
1525
1526
1527
1529
1531
1532
1533
1534
1535
1536
1537
1538
1539
1540
1541
1542
1543
1544
1545
1546
1547
1548
1549
1550
1551
1553
1554
1555
1556
1557
1558
1559
1560
1561
1562
1563
1564
1565
1566
1569
1570
1571
1572
1574
1575
1576
1577
1578
1579
1580
1581
1582
1583
1584
1585
1586
1587
1588
1589
1590
1592
1593
1594
1595
1596
1597
1599
1600
1601
1602
1603
1604
1606
1607
1608
1609
1620
1621
1623
1624
1630
1631
1632
1633
1635
1636
1637
1638
1639
1641
1642
1645
1646
1650
1654
1661
1664
1669
1672
1674
1675
1677
1678
1688
1698
1699
1701
1702
1703
1705
1706
1708
1710
1711
1712
1713
1714
1715
1717
1718
1719
1721
1722
1723
1724
1725
1726
1727
1728
1729
1730
1731
1732
1733
1734
1736
1737
1743
1744
1745
1746
1747
1748
1749
1750
1751
1752
1753
1754
1755
1756
1757
1758
1759
1760
1761
1763
1764
1765
1766
1767
1768
1769
1770
1771
1772
1773
1774
1775
1776
1778
1779
1781
1782
1784
1785
1786
1787
1788
1789
1790
1791
1792
1793
1794
1796
1797
1798
1799
1800
1802
1804
1805
1806
1807
1808
1809
1810
1811
1812
1813
1814
1815
1816
1818
1819
1820
1824
1825
1827
1828
1829
1830
1831
1832
1833
1834
1835
1836
1837
1838
1839
1840
1841
1842
1843
1845
1846
1849
1850
1851
1852
1853
1854
1855
1856
1857
1858
1859
1860
1863
1864
1866
1868
1869
1870
1871
1872
1873
1874
1875
1876
1958
1959
1960
1961
1962
1963
1964
1965
1966
1970
1971
1973
1974
1976
1977
1979
1982
1984
1985
1986
1988
1989
1990
1991
1992
1993
1994
1996
1998
1999
2000
2001
2002
2003
2004
2005
2006
2007
2008
2009
2010
2011
2012
2013
2014
2015
2016
2017
2018
2019
2020
2021
2022
2023
2024
2025
2026
2027
2028
2029
2030
2031
2032
2033
2034
2035
2036
2037
2038
