447
448
450
453
456
457
465
466
471
481
491
493
506
509
515
516
518
519
520
521
523
540
542
547
548
549
550
553
568
570
578
580
582
588
590
592
596
597
598
601
603
605
623
624
627
628
634
636
639
642
645
649
661
663
676
680
681
684
686
690
697
698
699
700
701
702
705
708
713
727
731
735
736
740
742
747
765
769
772
781
794
795
800
817
827
828
830
833
848
856
858
860
862
868
872
874
875
876
877
894
895
904
915
918
919
925
928
951
954
961
969
973
975
982
983
996
998
1001
1004
1006
1007
1008
1009
1011
1013
1015
1019
1021
1029
1030
1031
1032
1035
1037
1042
1060
1065
1069
1072
1085
1106
1112
1123
1133
1153
1155
1158
1159
1165
1178
1181
1182
1183
1186
1188
1210
1216
1218
1222
1225
1227
1229
1234
1240
1246
1249
1251
1252
1254
1267
1276
1277
1291
1294
1295
1296
1313
1316
1317
1321
1323
1324
1326
1343
1345
1346
1351
1352
1358
1359
1364
1370
1372
1384
1385
1389
1401
1407
1428
1433
1434
1435
1437
1439
1447
1448
1449
1457
1461
1462
1465
1471
1477
1480
1489
1491
1493
1495
1500
1518
1524
1528
1530
1552
1567
1568
1573
1591
1605
1611
1612
1616
1622
1625
1628
1629
1634
1643
1644
1647
1648
1649
1653
1655
1659
1666
1670
1671
1673
1676
1679
1696
1704
1707
1709
1735
1741
1742
1777
1783
1803
1817
1848
1861
1862
1867
1878
1886
1893
1898
1900
1901
1906
1923
1926
1943
1944
1948
1949
1954
1967
1968
1969
1972
1975
1987
1995
1997
