0
1
2
3
4
5
20
24
25
28
29
31
39
41
44
45
46
47
48
49
69
72
73
74
75
78
126
127
128
133
135
137
138
140
142
144
145
146
147
148
150
152
155
156
160
161
163
165
167
168
169
176
190
191
196
198
199
201
202
204
205
207
208
211
223
225
226
227
228
229
230
231
232
233
235
236
240
252
253
254
255
256
257
264
267
270
271
276
277
278
279
280
289
294
295
300
304
305
309
310
311
312
314
315
317
329
331
402
422
426
427
428
430
431
432
434
457
460
461
463
466
467
470
471
472
474
475
481
483
484
485
487
488
490
491
492
493
495
496
497
498
499
500
501
504
505
506
507
508
509
510
511
526
527
528
529
531
532
533
535
539
540
541
542
563
566
579
599
604
605
606
607
622
623
624
625
627
628
629
631
632
634
635
636
637
638
639
640
641
642
643
644
645
647
648
649
650
651
652
653
654
655
656
657
658
659
660
661
662
664
665
666
668
669
670
671
672
674
675
676
677
678
679
680
681
682
683
686
688
689
690
695
696
697
698
699
700
701
702
703
704
705
707
708
709
710
711
712
713
715
717
718
721
728
729
730
731
732
733
734
735
736
737
738
740
741
745
746
748
750
751
752
753
754
755
756
757
758
760
761
762
763
764
765
766
768
769
770
772
773
774
775
776
778
780
781
782
784
785
787
797
798
799
800
802
803
804
805
806
808
809
811
814
816
817
818
819
820
821
822
823
826
827
829
830
831
832
833
834
835
836
849
851
853
854
859
860
861
879
889
890
891
899
901
902
903
905
908
909
911
914
915
916
917
918
921
922
923
924
926
927
928
929
932
947
948
949
951
953
954
955
956
957
958
959
960
961
963
964
965
966
967
969
970
971
972
974
975
976
977
978
979
980
981
982
983
984
986
987
988
990
991
992
993
997
999
1001
1002
1003
1004
1005
1006
1007
1011
1012
1013
1019
1028
1029
1030
1031
1042
1043
1044
1045
1046
1047
1048
1049
1057
1058
1059
1062
1063
1064
1065
1066
1068
1069
1070
1071
1072
1074
1075
1076
1077
1078
1080
1081
1082
1083
1084
1086
1087
1088
1090
1092
1093
1094
1095
1096
1097
1098
1099
1100
1101
1102
1103
1104
1105
1106
1107
1108
1109
1110
1111
1112
1114
1115
1116
1117
1118
1119
1120
1121
1122
1123
1124
1125
1126
1127
1130
1131
1132
1133
1135
1136
1137
1138
1139
1140
1141
1142
1143
1144
1145
1146
1147
1148
1149
1150
1151
1153
1154
1155
1156
1157
1158
1160
1161
1162
1163
1164
1165
1167
1168
1169
1170
1181
1182
1184
1185
1191
1192
1193
1194
1196
1197
1198
1199
1200
1202
1203
1206
1207
1211
1215
1222
1225
1230
1233
1235
1236
1238
1239
1249
1259
1260
1262
1263
1264
1266
1267
1269
1271
1272
1273
1274
1275
1276
1278
1279
1280
1282
1283
1284
1285
1286
1287
1288
1289
1290
1291
1292
1293
1294
1295
1297
1298
1304
1305
1306
1307
1308
1309
1310
1311
1312
1313
1314
1315
1316
1317
1318
1319
1320
1321
1322
1324
1325
1326
1327
1328
1329
1330
1331
1332
1333
1334
1335
1336
1337
1339
1340
1342
1343
1345
1346
1347
1348
1349
1350
1351
1352
1353
1354
1355
1357
1358
1359
1360
1361
1363
1365
1366
1367
1368
1369
1370
1371
1372
1373
1374
1375
1376
1377
1379
1380
1381
1385
1386
1388
1389
1390
1391
1392
1393
1394
1395
1396
1397
1398
1399
1400
1401
1402
1403
1404
1406
1407
1410
1411
1412
1413
1414
1415
1416
1417
1418
1419
1420
1421
1424
1425
1427
1429
1430
1431
1432
1433
1434
1435
1436
1437
1519
1520
1521
1522
1523
1524
1525
1526
1527
1531
1532
1534
1535
1537
1538
1540
1543
1545
1546
1547
1549
1550
1551
1552
1553
1554
1555
1557
1559
1560
1561
1562
1563
1564
1565
1566
1567
1568
1569
1570
1571
1572
1573
1574
1575
1576
1577
1578
1579
1580
1581
1582
1583
1584
1585
1586
1587
1588
1589
1590
1591
1592
1593
1594
1595
1596
1597
1598
1599
