8
9
11
14
17
18
26
27
32
42
52
54
67
70
76
77
79
80
81
82
84
101
103
108
109
110
111
114
129
131
139
141
143
149
151
153
157
158
159
162
164
166
184
185
188
189
195
197
200
203
206
210
222
224
237
241
242
245
247
251
258
259
260
261
262
263
266
269
274
288
292
296
297
301
303
308
326
330
333
342
355
356
361
378
388
389
391
394
409
417
419
421
423
429
433
435
436
437
438
455
456
465
476
479
480
486
489
512
515
522
530
534
536
543
544
557
559
562
565
567
568
569
570
572
574
576
580
582
590
591
592
593
596
598
603
621
626
630
633
646
667
673
684
694
714
716
719
720
726
739
742
743
744
747
749
771
777
779
783
786
788
790
795
801
807
810
812
813
815
828
837
838
852
855
856
857
874
877
878
882
884
885
887
904
906
907
912
913
919
920
925
931
933
945
946
950
962
968
989
994
995
996
998
1000
1008
1009
1010
1018
1022
1023
1026
1032
1038
1041
1050
1052
1054
1056
1061
1079
1085
1089
1091
1113
1128
1129
1134
1152
1166
1172
1173
1177
1183
1186
1189
1190
1195
1204
1205
1208
1209
1210
1214
1216
1220
1227
1231
1232
1234
1237
1240
1257
1265
1268
1270
1296
1302
1303
1338
1344
1364
1378
1409
1422
1423
1428
1439
1447
1454
1459
1461
1462
1467
1484
1487
1504
1505
1509
1510
1515
1528
1529
1530
1533
1536
1548
1556
1558
