Wrote artifacts/performance/2026-10-06_hurtbox-cache/yo-q11b.csv
Tick-HUD buckets: target=smash64ds-p2-fourcpu-tickhud-hwtri samples=1960 frames=2..1961 melonDS=1.0 sha=DE80E46BDCF1FD98 git=5c3c0ef1e39+dirty(33) dldi=ON

bucket p50           p95           spread mean          min        max           %ALLp50
------ ---           ---           ------ ----          ---        ---           -------
ALL     1,116,800     1,677,120      1.50  1,193,856     1,111,424  4,279,808      100.0
FTR             0             0      0.00          0             0          0        0.0
STG             0             0      0.00          0             0          0        0.0
BG              0             0      0.00          0             0          0        0.0
AUD         4,928         9,984      2.03      5,627         2,368     26,368        0.4
HUD         9,088        24,064      2.65     11,183         7,936    350,080        0.8
SRC       390,464       623,680      1.60    404,815       133,952  1,079,552       35.0
MISC      441,024       678,016      1.54    455,803       175,232  3,316,800       39.5
OTHR      297,152       593,856      2.00    316,428        22,592    795,136       26.6
WAIT      276,416       570,304      2.06    295,514         3,328    775,808       24.8
WORK      883,904     1,249,920      1.41    894,360       337,728  3,944,576       79.1
SHDT      781,311     1,138,943      1.46    797,642       295,807  2,309,055       70.0
SWRM        1,280         1,408      1.10      1,301           896      3,328        0.1
GCRA      385,216       618,368      1.61    399,405       129,472  1,069,312       34.5
SCPU            0             0      0.00          0             0          0        0.0
SCAT            0             0      0.00          0             0          0        0.0
SPRM            0             0      0.00          0             0          0        0.0
SINT            0             0      0.00          0             0          0        0.0
SPHD            0             0      0.00          0             0          0        0.0
SPHC            0             0      0.00          0             0          0        0.0
MWPN            0             0      0.00          0             0          0        0.0
MITM            0             0      0.00          0             0          0        0.0
MEFX            0             0      0.00          0             0          0        0.0
MACT            0             0      0.00          0             0          0        0.0
MPRT            0             0      0.00          0             0          0        0.0
MTEX            0             0      0.00        273             0    273,728        0.0
MCAP            0             0      0.00          0             0          0        0.0
MPRO            0             0      0.00          0             0          0        0.0
MCAM      440,896       677,888      1.54    455,698       175,168  3,316,672       39.5
MFLS          128           128      1.00        106            64        448        0.0
GPOL          536           611      1.14        487            57        663        0.0
GVTX        1,377         1,575      1.14      1,267           185      1,762        0.1
DGSA   2,119,280,374 4,084,045,404   1.93 2,146,328,221  5,064,253 4,294,579,349 189,763.6
DGSB   2,061,157,662 4,054,350,453   1.97 2,114,667,851    755,242 4,291,943,493 184,559.2
WORK-H    873,536     1,233,472      1.41    883,177       329,600  3,594,496       78.2

named=877,428 (73.5% of ALL)  VBI 2:1704 3:249 4:6 5+:2 max:8 total:1961  slips=0
Wrote artifacts/performance/2026-10-06_hurtbox-cache/yo-q11b.json
