Wrote artifacts/performance/2026-10-06_hurtbox-cache/yo-q11.csv
Tick-HUD buckets: target=smash64ds-p2-fourcpu-tickhud-hwtri samples=1960 frames=2..1961 melonDS=1.0 sha=DE80E46BDCF1FD98 git=5c3c0ef1e39+dirty(33) dldi=ON

bucket p50           p95           spread mean          min        max           %ALLp50
------ ---           ---           ------ ----          ---        ---           -------
ALL     1,116,800     1,677,120      1.50  1,193,027     1,112,896  4,330,560      100.0
FTR             0             0      0.00          0             0          0        0.0
STG             0             0      0.00          0             0          0        0.0
BG              0             0      0.00          0             0          0        0.0
AUD         4,992         9,984      2.00      5,636         2,368     27,584        0.4
HUD         9,088        24,000      2.64     11,202         7,744    404,160        0.8
SRC       390,208       623,808      1.60    404,882       134,272  1,074,496       34.9
MISC      441,984       677,376      1.53    455,814       175,360  3,315,456       39.6
OTHR      296,576       594,176      2.00    315,494        21,632    795,072       26.6
WAIT      275,968       570,432      2.07    294,572         2,816    775,936       24.7
WORK      884,736     1,250,048      1.41    894,475       337,472  3,999,296       79.2
SHDT      780,991     1,139,263      1.46    797,747       295,679  2,309,951       69.9
SWRM        1,280         1,408      1.10      1,303           896      3,328        0.1
GCRA      384,768       617,920      1.61    399,465       129,664  1,064,320       34.5
SCPU            0             0      0.00          0             0          0        0.0
SCAT            0             0      0.00          0             0          0        0.0
SPRM            0             0      0.00          0             0          0        0.0
SINT            0             0      0.00          0             0          0        0.0
SPHD            0             0      0.00          0             0          0        0.0
SPHC            0             0      0.00          0             0          0        0.0
MWPN            0             0      0.00          0             0          0        0.0
MITM            0             0      0.00          0             0          0        0.0
MEFX            0             0      0.00          0             0          0        0.0
MACT            0             0      0.00          0             0          0        0.0
MPRT            0             0      0.00          0             0          0        0.0
MTEX            0             0      0.00        275             0    275,200        0.0
MCAP            0             0      0.00          0             0          0        0.0
MPRO            0             0      0.00          0             0          0        0.0
MCAM      441,920       677,248      1.53    455,710       175,232  3,315,328       39.6
MFLS          128           128      1.00        104            64        256        0.0
GPOL          536           611      1.14        487            57        663        0.0
GVTX        1,377         1,575      1.14      1,267           185      1,762        0.1
DGSA   2,119,280,374 4,084,045,404   1.93 2,146,328,221  5,064,253 4,294,579,349 189,763.6
DGSB   2,061,157,662 4,054,350,453   1.97 2,114,667,851    755,242 4,291,943,493 184,559.2
WORK-H    874,624     1,233,280      1.41    883,274       329,216  3,595,136       78.3

named=877,534 (73.6% of ALL)  VBI 2:1707 3:246 4:6 5+:2 max:8 total:1961  slips=0
Wrote artifacts/performance/2026-10-06_hurtbox-cache/yo-q11.json
