Wrote artifacts/performance/2026-10-06_hurtbox-cache/sz-q10b.csv
Tick-HUD buckets: target=smash64ds-p2-fourcpu-tickhud-hwtri samples=1960 frames=2..1961 melonDS=1.0 sha=DE80E46BDCF1FD98 git=5c3c0ef1e39+dirty(33) dldi=ON

bucket p50           p95           spread mean          min        max           %ALLp50
------ ---           ---           ------ ----          ---        ---           -------
ALL     1,116,800     1,677,056      1.50  1,182,999     1,111,552 17,164,736      100.0
FTR             0             0      0.00          0             0          0        0.0
STG             0             0      0.00          0             0          0        0.0
BG              0             0      0.00          0             0          0        0.0
AUD         4,480         9,536      2.13      5,426         2,432     26,048        0.4
HUD         8,768        24,192      2.76     10,835         7,744    774,592        0.8
SRC       437,696       621,568      1.42    443,588       153,920  1,049,024       39.2
MISC      409,344       571,840      1.40    426,936       150,848 15,842,496       36.7
OTHR      281,088       559,360      1.99    296,214        21,824    796,544       25.2
WAIT      259,904       537,856      2.07    274,394         2,560    776,704       23.3
WORK      886,976     1,196,480      1.35    904,890       336,704 16,826,240       79.4
SHDT      805,055     1,093,247      1.36    823,459       295,551 16,006,911       72.1
SWRM        1,280         1,408      1.10      1,314           896      3,456        0.1
GCRA      432,448       616,256      1.43    438,258       149,056  1,043,776       38.7
SCPU            0             0      0.00          0             0          0        0.0
SCAT            0             0      0.00          0             0          0        0.0
SPRM            0             0      0.00          0             0          0        0.0
SINT            0             0      0.00          0             0          0        0.0
SPHD            0             0      0.00          0             0          0        0.0
SPHC            0             0      0.00          0             0          0        0.0
MWPN            0             0      0.00          0             0          0        0.0
MITM            0             0      0.00          0             0          0        0.0
MEFX            0             0      0.00          0             0          0        0.0
MACT            0             0      0.00          0             0          0        0.0
MPRT            0             0      0.00          0             0          0        0.0
MTEX            0             0      0.00        575             0  1,043,648        0.0
MCAP            0             0      0.00          0             0          0        0.0
MPRO            0             0      0.00          0             0          0        0.0
MCAM      409,280       571,712      1.40    426,826       150,720 15,842,368       36.6
MFLS          128           128      1.00        109            64        192        0.0
GPOL          477           567      1.19        463            47        604        0.0
GVTX        1,073         1,334      1.24      1,060           157      1,446        0.1
DGSA   2,151,297,068 4,051,513,036        2,133,514,594    676,991 4,286,422,441 192,630.5
DGSB   2,119,168,438 4,104,172,124   1.94 2,135,049,252  2,524,074 4,280,928,178 189,753.6
WORK-H    877,312     1,178,880      1.34    894,055       328,576 16,051,648       78.6

named=886,785 (75.0% of ALL)  VBI 2:1769 3:180 4:10 5+:2 max:35 total:1961  slips=0
Wrote artifacts/performance/2026-10-06_hurtbox-cache/sz-q10b.json
