Wrote artifacts/performance/2026-10-06_hurtbox-cache/gate-q11.csv
Tick-HUD buckets: target=smash64ds-p2-fourcpu-tickhud-hwtri samples=1960 frames=2..1961 melonDS=1.0 sha=DE80E46BDCF1FD98 git=5c3c0ef1e39+dirty(33) dldi=ON

bucket p50           p95           spread mean          min        max           %ALLp50
------ ---           ---           ------ ----          ---        ---           -------
ALL     1,116,800     1,118,400      1.00  1,144,236     1,113,472  4,498,880      100.0
FTR             0             0      0.00          0             0          0        0.0
STG             0             0      0.00          0             0          0        0.0
BG              0             0      0.00          0             0          0        0.0
AUD         4,928        10,112      2.05      5,653         2,432     23,040        0.4
HUD         9,024        23,936      2.65     11,615         7,744    571,520        0.8
SRC       358,784       554,112      1.54    369,482       133,312  1,008,320       32.1
MISC      403,776       547,456      1.36    409,066       175,360  3,331,456       36.2
OTHR      343,424       631,872      1.84    348,420        22,784    792,960       30.8
WAIT      322,560       608,448      1.89    327,573         2,304    774,016       28.9
WORK      802,368     1,089,792      1.36    812,886       339,456  4,166,080       71.8
SHDT      700,287       986,303      1.41    715,737       296,447  1,855,615       62.7
SWRM        1,280         1,408      1.10      1,294           896      3,200        0.1
GCRA      353,344       548,800      1.55    364,092       128,768  1,002,560       31.6
SCPU            0             0      0.00          0             0          0        0.0
SCAT            0             0      0.00          0             0          0        0.0
SPRM            0             0      0.00          0             0          0        0.0
SINT            0             0      0.00          0             0          0        0.0
SPHD            0             0      0.00          0             0          0        0.0
SPHC            0             0      0.00          0             0          0        0.0
MWPN            0             0      0.00          0             0          0        0.0
MITM            0             0      0.00          0             0          0        0.0
MEFX            0             0      0.00          0             0          0        0.0
MACT            0             0      0.00          0             0          0        0.0
MPRT            0             0      0.00          0             0          0        0.0
MTEX            0             0      0.00        372             0    652,480        0.0
MCAP            0             0      0.00          0             0          0        0.0
MPRO            0             0      0.00          0             0          0        0.0
MCAM      403,648       547,328      1.36    408,961       175,296  3,331,328       36.1
MFLS          128           128      1.00        105            64        192        0.0
GPOL          592           673      1.14        542            29        755        0.1
GVTX        1,419         1,596      1.12      1,315            96      1,750        0.1
DGSA   2,250,718,284 4,050,421,973        2,184,942,484  1,678,878 4,291,383,562 201,532.8
DGSB   2,254,346,240 4,035,342,474        2,215,590,844  2,771,092 4,285,088,836 201,857.7
WORK-H    792,320     1,078,080      1.36    801,271       329,984  3,594,560       70.9

named=795,816 (69.5% of ALL)  VBI 2:1871 3:88 4:1 5+:1 max:9 total:1961  slips=0
Wrote artifacts/performance/2026-10-06_hurtbox-cache/gate-q11.json
