Wrote artifacts/performance/2026-10-05_interp-fixed/sz-q7.csv
Tick-HUD buckets: target=smash64ds-p2-fourcpu-tickhud-hwtri samples=1960 frames=2..1961 melonDS=1.0 sha=DE80E46BDCF1FD98 git=c38bdd7a9f4+dirty(37) dldi=ON

bucket p50           p95           spread mean          min        max           %ALLp50
------ ---           ---           ------ ----          ---        ---           -------
ALL     1,116,864     1,677,184      1.50  1,187,370     1,111,680 16,746,304      100.0
FTR             0             0      0.00          0             0          0        0.0
STG             0             0      0.00          0             0          0        0.0
BG              0             0      0.00          0             0          0        0.0
AUD         4,352         9,792      2.25      5,394         2,432     23,808        0.4
HUD         8,832        24,128      2.73     10,680         7,872    327,808        0.8
SRC       438,592       627,904      1.43    445,846       153,216  1,044,992       39.3
MISC      412,160       577,600      1.40    428,698       151,360 15,872,448       36.9
OTHR      281,472       563,584      2.00    296,752        21,696    795,456       25.2
WAIT      260,480       541,760      2.08    275,026         2,496    776,064       23.3
WORK      890,176     1,211,136      1.36    908,624       337,344 16,412,096       79.7
SHDT      807,231     1,106,303      1.37    827,001       295,871 16,040,831       72.3
SWRM        1,280         1,344      1.05      1,281           896      3,264        0.1
GCRA      433,344       622,592      1.44    440,579       148,864  1,039,616       38.8
SCPU            0             0      0.00          0             0          0        0.0
SCAT            0             0      0.00          0             0          0        0.0
SPRM            0             0      0.00          0             0          0        0.0
SINT            0             0      0.00          0             0          0        0.0
SPHD            0             0      0.00          0             0          0        0.0
SPHC            0             0      0.00          0             0          0        0.0
MWPN            0             0      0.00          0             0          0        0.0
MITM            0             0      0.00          0             0          0        0.0
MEFX            0             0      0.00          0             0          0        0.0
MACT            0             0      0.00          0             0          0        0.0
MPRT            0             0      0.00          0             0          0        0.0
MTEX            0             0      0.00        580             0  1,050,688        0.0
MCAP            0             0      0.00          0             0          0        0.0
MPRO            0             0      0.00          0             0          0        0.0
MCAM      412,032       577,472      1.40    428,594       151,296 15,872,384       36.9
MFLS          128           128      1.00        104            64        128        0.0
GPOL          477           567      1.19        463            47        604        0.0
GVTX        1,073         1,334      1.24      1,060           157      1,442        0.1
DGSA   2,151,297,068 4,051,513,036        2,133,514,594    676,991 4,286,422,441 192,619.4
DGSB   2,119,168,438 4,104,172,124   1.94 2,135,049,252  2,524,074 4,280,928,178 189,742.7
WORK-H    879,872     1,200,256      1.36    897,945       329,280 16,084,288       78.8

named=890,618 (75.0% of ALL)  VBI 2:1754 3:194 4:11 5+:2 max:34 total:1961  slips=0
Wrote artifacts/performance/2026-10-05_interp-fixed/sz-q7.json
