Wrote artifacts/performance/2026-10-05_interp-fixed/gate-q9.csv
Tick-HUD buckets: target=smash64ds-p2-fourcpu-tickhud-hwtri samples=1960 frames=2..1961 melonDS=1.0 sha=DE80E46BDCF1FD98 git=c38bdd7a9f4+dirty(40) dldi=ON

bucket p50           p95           spread mean          min        max           %ALLp50
------ ---           ---           ------ ----          ---        ---           -------
ALL     1,116,800     1,118,400      1.00  1,144,270     1,114,176  4,556,352      100.0
FTR             0             0      0.00          0             0          0        0.0
STG             0             0      0.00          0             0          0        0.0
BG              0             0      0.00          0             0          0        0.0
AUD         4,928        10,560      2.14      5,732         2,368     23,104        0.4
HUD         8,896        23,936      2.69     11,618         7,808    651,456        0.8
SRC       357,696       556,544      1.56    368,529       133,888  1,008,256       32.0
MISC      406,592       549,376      1.35    412,124       177,088  3,311,872       36.4
OTHR      342,464       629,184      1.84    346,266        23,616    792,256       30.7
WAIT      320,640       604,672      1.89    324,693         2,432    772,608       28.7
WORK      805,376     1,092,032      1.36    815,767       341,120  4,230,720       72.1
SHDT      702,655       987,455      1.41    718,009       298,623  1,859,519       62.9
SWRM        1,344         1,408      1.05      1,358           896      3,392        0.1
GCRA      351,808       551,104      1.57    363,203       129,408  1,002,752       31.5
SCPU            0             0      0.00          0             0          0        0.0
SCAT            0             0      0.00          0             0          0        0.0
SPRM            0             0      0.00          0             0          0        0.0
SINT            0             0      0.00          0             0          0        0.0
SPHD            0             0      0.00          0             0          0        0.0
SPHC            0             0      0.00          0             0          0        0.0
MWPN            0             0      0.00          0             0          0        0.0
MITM            0             0      0.00          0             0          0        0.0
MEFX            0             0      0.00          0             0          0        0.0
MACT            0             0      0.00          0             0          0        0.0
MPRT            0             0      0.00          0             0          0        0.0
MTEX            0             0      0.00        367             0    641,600        0.0
MCAP            0             0      0.00          0             0          0        0.0
MPRO            0             0      0.00          0             0          0        0.0
MCAM      406,528       549,312      1.35    412,016       176,960  3,311,744       36.4
MFLS          128           128      1.00        107            64        192        0.0
GPOL          592           673      1.14        542            29        755        0.1
GVTX        1,419         1,596      1.12      1,315            96      1,750        0.1
DGSA   2,250,718,284 4,050,421,973        2,184,942,484  1,678,878 4,291,383,562 201,532.8
DGSB   2,254,346,240 4,035,342,474        2,215,590,844  2,771,092 4,285,088,836 201,857.7
WORK-H    794,688     1,082,368      1.36    804,149       332,032  3,579,264       71.2

named=798,003 (69.7% of ALL)  VBI 2:1872 3:86 4:2 5+:1 max:9 total:1961  slips=0
Wrote artifacts/performance/2026-10-05_interp-fixed/gate-q9.json
