Wrote artifacts/performance/2026-10-05_interp-fixed/gate-q10.csv
Tick-HUD buckets: target=smash64ds-p2-fourcpu-tickhud-hwtri samples=1960 frames=2..1961 melonDS=1.0 sha=DE80E46BDCF1FD98 git=c38bdd7a9f4+dirty(39) dldi=ON

bucket p50           p95           spread mean          min        max           %ALLp50
------ ---           ---           ------ ----          ---        ---           -------
ALL     1,116,800     1,118,400      1.00  1,144,339     1,111,104  4,683,776      100.0
FTR             0             0      0.00          0             0          0        0.0
STG             0             0      0.00          0             0          0        0.0
BG              0             0      0.00          0             0          0        0.0
AUD         4,992        10,240      2.05      5,698         2,432     22,208        0.4
HUD         8,896        23,936      2.69     11,666         7,808    808,064        0.8
SRC       358,720       555,328      1.55    369,411       134,400  1,004,352       32.1
MISC      405,440       548,608      1.35    410,633       177,088  3,280,768       36.3
OTHR      342,016       629,568      1.84    346,930        23,680    791,616       30.6
WAIT      320,768       605,376      1.89    325,357         2,368    771,648       28.7
WORK      804,928     1,092,096      1.36    815,180       341,696  4,351,936       72.1
SHDT      703,487       988,095      1.40    718,053       298,623  1,846,335       63.0
SWRM        1,344         1,408      1.05      1,323           832      3,328        0.1
GCRA      353,408       550,080      1.56    364,025       129,792    998,976       31.6
SCPU            0             0      0.00          0             0          0        0.0
SCAT            0             0      0.00          0             0          0        0.0
SPRM            0             0      0.00          0             0          0        0.0
SINT            0             0      0.00          0             0          0        0.0
SPHD            0             0      0.00          0             0          0        0.0
SPHC            0             0      0.00          0             0          0        0.0
MWPN            0             0      0.00          0             0          0        0.0
MITM            0             0      0.00          0             0          0        0.0
MEFX            0             0      0.00          0             0          0        0.0
MACT            0             0      0.00          0             0          0        0.0
MPRT            0             0      0.00          0             0          0        0.0
MTEX            0             0      0.00        372             0    651,264        0.0
MCAP            0             0      0.00          0             0          0        0.0
MPRO            0             0      0.00          0             0          0        0.0
MCAM      405,312       548,544      1.35    410,524       177,024  3,280,704       36.3
MFLS          128           128      1.00        110            64        192        0.0
GPOL          592           673      1.14        542            29        755        0.1
GVTX        1,419         1,596      1.12      1,315            96      1,750        0.1
DGSA   2,250,718,284 4,050,421,973        2,184,942,484  1,678,878 4,291,383,562 201,532.8
DGSB   2,254,346,240 4,035,342,474        2,215,590,844  2,771,092 4,285,088,836 201,857.7
WORK-H    794,688     1,079,680      1.36    803,514       332,928  3,543,872       71.2

named=797,408 (69.7% of ALL)  VBI 2:1872 3:86 4:2 5+:1 max:9 total:1961  slips=0
Wrote artifacts/performance/2026-10-05_interp-fixed/gate-q10.json
