Wrote artifacts/performance/2026-10-05_interp-fixed/sz-q7-p0.csv
Tick-HUD buckets: target=smash64ds-p2-fourcpu-tickhud-hwtri samples=1960 frames=2..1961 melonDS=1.0 sha=DE80E46BDCF1FD98 git=c38bdd7a9f4+dirty(39) dldi=ON

bucket p50           p95           spread mean          min        max           %ALLp50
------ ---           ---           ------ ----          ---        ---           -------
ALL     1,116,864     1,677,312      1.50  1,195,083     1,111,872 16,737,536      100.0
FTR             0             0      0.00          0             0          0        0.0
STG             0             0      0.00          0             0          0        0.0
BG              0             0      0.00          0             0          0        0.0
AUD         4,352         9,792      2.25      5,402         2,368     22,976        0.4
HUD         8,832        24,064      2.72     10,669         7,808    317,952        0.8
SRC       447,680       657,792      1.47    454,406       153,216  1,039,936       40.1
MISC      411,904       575,360      1.40    428,597       151,360 15,872,000       36.9
OTHR      280,064       565,312      2.02    296,010        21,696    795,712       25.1
WAIT      259,392       543,168      2.09    274,279         2,368    776,320       23.2
WORK      897,024     1,224,320      1.36    917,090       337,088 16,401,792       80.3
SHDT      814,079     1,130,495      1.39    835,535       295,615 16,040,127       72.9
SWRM        1,280         1,344      1.05      1,282           896      3,328        0.1
GCRA      442,304       652,544      1.48    449,129       148,864  1,034,048       39.6
SCPU            0             0      0.00          0             0          0        0.0
SCAT            0             0      0.00          0             0          0        0.0
SPRM            0             0      0.00          0             0          0        0.0
SINT            0             0      0.00          0             0          0        0.0
SPHD            0             0      0.00          0             0          0        0.0
SPHC            0             0      0.00          0             0          0        0.0
MWPN            0             0      0.00          0             0          0        0.0
MITM            0             0      0.00          0             0          0        0.0
MEFX            0             0      0.00          0             0          0        0.0
MACT            0             0      0.00          0             0          0        0.0
MPRT            0             0      0.00          0             0          0        0.0
MTEX            0             0      0.00        578             0  1,047,104        0.0
MCAP            0             0      0.00          0             0          0        0.0
MPRO            0             0      0.00          0             0          0        0.0
MCAM      411,840       575,296      1.40    428,493       151,232 15,871,872       36.9
MFLS          128           128      1.00        104            64        128        0.0
GPOL          477           567      1.19        463            47        602        0.0
GVTX        1,073         1,334      1.24      1,060           157      1,442        0.1
DGSA   2,151,297,068 4,051,513,036        2,133,514,594    676,991 4,286,422,441 192,619.4
DGSB   2,119,168,438 4,104,172,124   1.94 2,135,049,252  2,524,074 4,280,928,178 189,742.7
WORK-H    887,680     1,212,736      1.37    906,421       329,024 16,083,840       79.5

named=899,074 (75.2% of ALL)  VBI 2:1726 3:223 4:10 5+:2 max:34 total:1961  slips=0
Wrote artifacts/performance/2026-10-05_interp-fixed/sz-q7-p0.json
