Wrote artifacts/performance/2026-10-05_cloud-fast/cm1-g5.csv
Tick-HUD buckets: target=smash64ds-p2-fourcpu-tickhud-hwtri samples=1960 frames=2..1961 melonDS=1.0 sha=DE80E46BDCF1FD98 git=44d6775c69a+dirty(37) dldi=ON

bucket p50           p95           spread mean          min        max           %ALLp50
------ ---           ---           ------ ----          ---        ---           -------
ALL     1,116,864     1,677,376      1.50  1,204,361     1,110,912  8,602,240      100.0
FTR             0             0      0.00          0             0          0        0.0
STG             0             0      0.00          0             0          0        0.0
BG              0             0      0.00          0             0          0        0.0
AUD         4,608        10,944      2.38      5,795         2,432     22,272        0.4
HUD         9,280        24,000      2.59     11,803         8,128    577,856        0.8
SRC       432,384       641,984      1.48    443,799       167,488  1,031,424       38.7
MISC      449,856       617,536      1.37    471,211       234,240  7,456,896       40.3
OTHR      248,128       560,000      2.26    271,753        22,208    702,080       22.2
WAIT      226,112       538,112      2.38    249,907         2,176    681,600       20.2
WORK      927,616     1,252,992      1.35    950,486       431,680  8,266,176       83.1
SHDT            0             0      0.00          0             0          0        0.0
SWRM        1,280         1,344      1.05      1,261           896      3,136        0.1
GCRA      427,264       635,072      1.49    438,443       163,008  1,026,304       38.3
SCPU            0             0      0.00          0             0          0        0.0
SCAT            0             0      0.00          0             0          0        0.0
SPRM            0             0      0.00          0             0          0        0.0
SINT            0             0      0.00          0             0          0        0.0
SPHD            0             0      0.00          0             0          0        0.0
SPHC            0             0      0.00          0             0          0        0.0
MWPN            0             0      0.00          0             0          0        0.0
MITM            0             0      0.00          0             0          0        0.0
MEFX            0             0      0.00          0             0          0        0.0
MACT            0             0      0.00          0             0          0        0.0
MPRT            0             0      0.00          0             0          0        0.0
MTEX            0             0      0.00        559             0  1,008,512        0.0
MCAP            0             0      0.00          0             0          0        0.0
MPRO            0             0      0.00          0             0          0        0.0
MCAM      449,728       617,408      1.37    471,083       234,112  7,456,768       40.3
MFLS          128           128      1.00        128            64        256        0.0
GPOL          534           602      1.13        515           116        652        0.0
GVTX        1,249         1,428      1.14      1,220           351      1,631        0.1
DGSA   2,216,622,636 4,088,913,632        2,177,922,654    268,149 4,294,787,496 198,468.4
DGSB   2,319,073,349 4,073,558,838        2,230,935,651  3,133,812 4,292,624,795 207,641.5
WORK-H    914,688     1,238,208      1.35    938,682       423,232  7,688,320       81.9

named=932,608 (77.4% of ALL)  VBI 2:1678 3:272 4:9 5+:2 max:20 total:1961  slips=0
Wrote artifacts/performance/2026-10-05_cloud-fast/cm1-g5.json
