Wrote artifacts/performance/2026-10-04_stage-bind-cuts/gate-sb1.csv
Tick-HUD buckets: target=smash64ds-p2-fourcpu-tickhud-hwtri samples=1960 frames=2..1961 melonDS=1.0 sha=DE80E46BDCF1FD98 git=8aa86b448fd+dirty(16) dldi=ON

bucket p50           p95           spread    mean          min        max           %ALLp50
------ ---           ---           ------    ----          ---        ---           -------
ALL     1,116,992     1,677,248      1.50     1,190,640     1,112,320  4,385,408      100.0
FTR       137,600       217,088      1.58       145,563         9,600    992,192       12.3
STG       150,336       157,312      1.05       152,117       142,912  1,647,488       13.5
BG              0             0      0.00             0             0          0        0.0
AUD         4,608        10,624      2.31         5,769         2,496     27,648        0.4
HUD        18,176        27,840      1.53        16,891         7,936    355,712        1.6
SRC       392,640       612,608      1.56       404,931       148,096  1,351,104       35.2
MISC      152,832       290,816      1.90       163,677        54,848  1,755,136       13.7
OTHR      280,640       580,608      2.07       301,692        25,664    746,752       25.1
WAIT      256,128       556,608      2.17       278,700         3,008    725,632       22.9
WORK      897,536     1,234,816      1.38       911,940       391,360  4,055,872       80.4
SHDT            0             0      0.00             0             0          0        0.0
SWRM        1,472         1,536      1.04         1,471           896      3,904        0.1
GCRA      387,264       607,168      1.57       399,534       143,808  1,345,728       34.7
SCPU            0             0      0.00             0             0          0        0.0
SCAT            0             0      0.00             0             0          0        0.0
SPRM            0             0      0.00             0             0          0        0.0
SINT            0             0      0.00             0             0          0        0.0
SPHD            0             0      0.00             0             0          0        0.0
SPHC            0             0      0.00             0             0          0        0.0
MWPN            0        28,544    28,544.00      7,987             0    203,968        0.0
MITM       40,512        64,128      1.58        28,284             0    160,832        3.6
MEFX            0        75,776    75,776.00     11,915             0    326,144        0.0
MACT            0             0      0.00             0             0          0        0.0
MPRT       36,672        72,448      1.98        39,094        11,904    254,528        3.3
MTEX            0             0      0.00           759             0  1,400,640        0.0
MCAP            0             0      0.00             0             0          0        0.0
MPRO            0             0      0.00             0             0          0        0.0
MCAM       62,336       133,568      2.14        76,283        42,624  1,742,272        5.6
MFLS          128           128      1.00           114            64        192        0.0
GPOL          597           643      1.08           551            29        675        0.1
GVTX        1,439         1,569      1.09         1,346            96      1,660        0.1
DGSA   2,221,927,571 4,052,476,767           2,144,070,467    408,983 4,294,514,885 198,920.6
DGSB   2,229,679,774 4,052,096,565           2,163,259,781    888,730 4,293,852,712 199,614.7
WORK-H    881,920     1,215,360      1.38       895,049       383,168  3,700,160       79.0

named=888,948 (74.7% of ALL)  VBI 2:1721 3:225 4:14 5+:1 max:8 total:1961  slips=0
Wrote artifacts/performance/2026-10-04_stage-bind-cuts/gate-sb1.json
