Wrote artifacts/performance/2026-10-05_fflower-route/ff0-g2.csv
Tick-HUD buckets: target=smash64ds-p2-fourcpu-tickhud-hwtri samples=1960 frames=2..1961 melonDS=1.0 sha=DE80E46BDCF1FD98 git=44d6775c69a+dirty(36) dldi=ON

bucket p50           p95           spread mean          min        max           %ALLp50
------ ---           ---           ------ ----          ---        ---           -------
ALL     1,116,928     1,677,632      1.50  1,219,829     1,110,144 18,570,048      100.0
FTR             0             0      0.00          0             0          0        0.0
STG             0             0      0.00          0             0          0        0.0
BG              0             0      0.00          0             0          0        0.0
AUD         4,992        10,368      2.08      5,763         2,432     27,072        0.4
HUD         9,280        24,128      2.60     11,701         7,872    658,368        0.8
SRC       410,752       651,968      1.59    418,620       140,544  1,181,952       36.8
MISC      468,416       647,808      1.38    480,026       185,344 17,377,024       41.9
OTHR      276,480       602,304      2.18    303,719        21,696    777,152       24.8
WAIT      254,336       577,984      2.27    282,053         2,240    756,736       22.8
WORK      920,960     1,307,264      1.42    933,783       357,120 18,233,408       82.5
SHDT            0             0      0.00          0             0          0        0.0
SWRM        1,408         1,536      1.09      1,435         1,024      3,456        0.1
GCRA      405,312       646,464      1.59    413,082       136,000  1,176,448       36.3
SCPU            0             0      0.00          0             0          0        0.0
SCAT            0             0      0.00          0             0          0        0.0
SPRM            0             0      0.00          0             0          0        0.0
SINT            0             0      0.00          0             0          0        0.0
SPHD            0             0      0.00          0             0          0        0.0
SPHC            0             0      0.00          0             0          0        0.0
MWPN            0             0      0.00          0             0          0        0.0
MITM            0             0      0.00          0             0          0        0.0
MEFX            0             0      0.00          0             0          0        0.0
MACT            0             0      0.00          0             0          0        0.0
MPRT            0             0      0.00          0             0          0        0.0
MTEX            0             0      0.00        598             0  1,027,584        0.0
MCAP            0             0      0.00          0             0          0        0.0
MPRO            0             0      0.00          0             0          0        0.0
MCAM      468,288       647,680      1.38    479,898       185,216 17,376,896       41.9
MFLS          128           128      1.00        128            64        448        0.0
GPOL          562           655      1.17        530            51        723        0.1
GVTX        1,347         1,556      1.16      1,274           175      1,743        0.1
DGSA   2,171,201,471 4,069,725,545        2,131,774,420    226,229 4,293,447,369 194,390.5
DGSB   2,223,267,474 4,055,368,550        2,158,968,673    319,904 4,294,070,849 199,052.0
WORK-H    908,352     1,290,624      1.42    922,082       347,712 17,575,040       81.3

named=916,110 (75.1% of ALL)  VBI 2:1644 3:304 4:11 5+:2 max:37 total:1961  slips=0
Wrote artifacts/performance/2026-10-05_fflower-route/ff0-g2.json
