Wrote artifacts/performance/2026-10-05_fflower-route/gate-r1.csv
Tick-HUD buckets: target=smash64ds-p2-fourcpu-tickhud-hwtri samples=1960 frames=2..1961 melonDS=1.0 sha=DE80E46BDCF1FD98 git=44d6775c69a+dirty(38) dldi=ON

bucket p50           p95           spread mean          min        max           %ALLp50
------ ---           ---           ------ ----          ---        ---           -------
ALL     1,116,864     1,675,776      1.50  1,148,760     1,112,320  4,347,648      100.0
FTR             0             0      0.00          0             0          0        0.0
STG             0             0      0.00          0             0          0        0.0
BG              0             0      0.00          0             0          0        0.0
AUD         4,352        10,304      2.37      5,463         2,304     27,520        0.4
HUD         9,088        24,256      2.67     11,033         7,744    489,408        0.8
SRC       365,632       563,136      1.54    375,406       133,696  1,313,088       32.7
MISC      400,320       552,128      1.38    410,425       174,528  3,285,184       35.8
OTHR      339,584       623,936      1.84    346,434        24,000    794,368       30.4
WAIT      317,632       599,488      1.89    324,245         2,304    774,272       28.4
WORK      809,216     1,111,168      1.37    820,688       339,456  4,021,248       72.5
SHDT            0             0      0.00          0             0          0        0.0
SWRM        1,408         1,536      1.09      1,427           960      3,712        0.1
GCRA      360,128       557,440      1.55    369,905       129,152  1,307,456       32.2
SCPU            0             0      0.00          0             0          0        0.0
SCAT            0             0      0.00          0             0          0        0.0
SPRM            0             0      0.00          0             0          0        0.0
SINT            0             0      0.00          0             0          0        0.0
SPHD            0             0      0.00          0             0          0        0.0
SPHC            0             0      0.00          0             0          0        0.0
MWPN            0             0      0.00          0             0          0        0.0
MITM            0             0      0.00          0             0          0        0.0
MEFX            0             0      0.00          0             0          0        0.0
MACT            0             0      0.00          0             0          0        0.0
MPRT            0             0      0.00          0             0          0        0.0
MTEX            0             0      0.00        361             0    648,576        0.0
MCAP            0             0      0.00          0             0          0        0.0
MPRO            0             0      0.00          0             0          0        0.0
MCAM      400,192       552,000      1.38    410,289       174,400  3,285,056       35.8
MFLS          128           192      1.50        136           128        256        0.0
GPOL          597           643      1.08        550            29        675        0.1
GVTX        1,439         1,569      1.09      1,346            96      1,657        0.1
DGSA   2,248,335,339 4,065,321,507        2,176,252,338    408,983 4,294,514,885 201,307.9
DGSB   2,239,784,444 4,083,387,236        2,189,176,867  1,230,618 4,293,852,712 200,542.3
WORK-H    799,552     1,096,448      1.37    809,655       330,112  3,531,840       71.6

named=802,327 (69.8% of ALL)  VBI 2:1861 3:91 4:8 5+:1 max:8 total:1961  slips=0
Wrote artifacts/performance/2026-10-05_fflower-route/gate-r1.json
