Wrote artifacts/performance/2026-10-04_diag-out/gate-dg1.csv
Tick-HUD buckets: target=smash64ds-p2-fourcpu-tickhud-hwtri samples=1960 frames=2..1961 melonDS=1.0 sha=DE80E46BDCF1FD98 git=cf8a839a4e8+dirty(27) dldi=ON

bucket p50           p95           spread mean          min        max           %ALLp50
------ ---           ---           ------ ----          ---        ---           -------
ALL     1,116,928     1,677,120      1.50  1,179,582     1,111,936  4,742,272      100.0
FTR             0             0      0.00          0             0          0        0.0
STG             0             0      0.00          0             0          0        0.0
BG              0             0      0.00          0             0          0        0.0
AUD         4,672        10,304      2.21      5,564         2,432     26,624        0.4
HUD         9,472        24,704      2.61     11,603         7,936    855,360        0.8
SRC       388,416       604,672      1.56    400,277       147,328  1,412,288       34.8
MISC      438,272       611,200      1.39    448,734       192,256  3,270,976       39.2
OTHR      296,320       591,872      2.00    313,405        23,936    763,968       26.5
WAIT      273,984       565,952      2.07    290,983         2,176    743,424       24.5
WORK      870,464     1,204,544      1.38    884,669       370,176  4,409,024       77.9
SHDT            0             0      0.00          0             0          0        0.0
SWRM        1,344         1,408      1.05      1,344           768      3,328        0.1
GCRA      383,040       599,232      1.56    394,892       142,848  1,406,912       34.3
SCPU            0             0      0.00          0             0          0        0.0
SCAT            0             0      0.00          0             0          0        0.0
SPRM            0             0      0.00          0             0          0        0.0
SINT            0             0      0.00          0             0          0        0.0
SPHD            0             0      0.00          0             0          0        0.0
SPHC            0             0      0.00          0             0          0        0.0
MWPN            0             0      0.00          0             0          0        0.0
MITM            0             0      0.00          0             0          0        0.0
MEFX            0             0      0.00          0             0          0        0.0
MACT            0             0      0.00          0             0          0        0.0
MPRT            0             0      0.00          0             0          0        0.0
MTEX            0             0      0.00        751             0  1,386,560        0.0
MCAP            0             0      0.00          0             0          0        0.0
MPRO            0             0      0.00          0             0          0        0.0
MCAM      438,144       611,008      1.39    448,578       192,064  3,270,848       39.2
MFLS          128           192      1.50        156           128        768        0.0
GPOL          597           643      1.08        551            29        675        0.1
GVTX        1,439         1,569      1.09      1,346            96      1,660        0.1
DGSA   2,221,927,571 4,052,476,767        2,144,070,467    408,983 4,294,514,885 198,932.0
DGSB   2,229,679,774 4,052,096,565        2,163,259,781    888,730 4,293,852,712 199,626.1
WORK-H    859,712     1,192,128      1.39    873,067       360,704  3,553,664       77.0

named=866,178 (73.4% of ALL)  VBI 2:1759 3:188 4:13 5+:1 max:9 total:1961  slips=0
Wrote artifacts/performance/2026-10-04_diag-out/gate-dg1.json
