Wrote artifacts/performance/2026-10-05_collision-window3/iw1-g5.csv
Tick-HUD buckets: target=smash64ds-p2-fourcpu-tickhud-hwtri samples=1960 frames=2..1961 melonDS=1.0 sha=DE80E46BDCF1FD98 git=422facd3b0b+dirty(33) dldi=ON

bucket p50           p95           spread mean          min        max           %ALLp50
------ ---           ---           ------ ----          ---        ---           -------
ALL     1,116,800     1,677,312      1.50  1,209,363     1,113,088  8,750,080      100.0
FTR             0             0      0.00          0             0          0        0.0
STG             0             0      0.00          0             0          0        0.0
BG              0             0      0.00          0             0          0        0.0
AUD         4,672        10,816      2.32      5,802         2,368     22,144        0.4
HUD         9,088        23,680      2.61     11,714         7,936    750,016        0.8
SRC       439,296       649,344      1.48    449,188       167,168  1,348,992       39.3
MISC      449,984       614,656      1.37    473,034       234,880  7,430,336       40.3
OTHR      244,608       559,424      2.29    269,625        22,528    701,120       21.9
WAIT      222,592       537,344      2.41    247,657         2,432    681,088       19.9
WORK      932,864     1,261,632      1.35    957,786       432,192  8,411,264       83.5
SHDT            0             0      0.00          0             0          0        0.0
SWRM        1,344         1,408      1.05      1,347           896      3,328        0.1
GCRA      433,984       643,648      1.48    443,664       162,496  1,343,488       38.9
SCPU            0             0      0.00          0             0          0        0.0
SCAT            0             0      0.00          0             0          0        0.0
SPRM            0             0      0.00          0             0          0        0.0
SINT            0             0      0.00          0             0          0        0.0
SPHD            0             0      0.00          0             0          0        0.0
SPHC            0             0      0.00          0             0          0        0.0
MWPN            0             0      0.00          0             0          0        0.0
MITM            0             0      0.00          0             0          0        0.0
MEFX            0             0      0.00          0             0          0        0.0
MACT            0             0      0.00          0             0          0        0.0
MPRT            0             0      0.00          0             0          0        0.0
MTEX            0             0      0.00        546             0    983,872        0.0
MCAP            0             0      0.00          0             0          0        0.0
MPRO            0             0      0.00          0             0          0        0.0
MCAM      449,856       614,528      1.37    472,900       234,752  7,430,144       40.3
MFLS          128           192      1.50        134           128        192        0.0
GPOL          534           602      1.13        515           116        652        0.0
GVTX        1,249         1,428      1.14      1,220           351      1,631        0.1
DGSA   2,216,622,636 4,088,913,632        2,177,922,654    268,149 4,294,787,496 198,479.8
DGSB   2,319,073,349 4,073,558,838        2,230,935,651  3,133,812 4,292,624,795 207,653.4
WORK-H    920,128     1,243,776      1.35    946,073       423,872  7,661,248       82.4

named=939,738 (77.7% of ALL)  VBI 2:1669 3:280 4:10 5+:2 max:20 total:1961  slips=0
Wrote artifacts/performance/2026-10-05_collision-window3/iw1-g5.json
