Wrote artifacts/performance/2026-10-05_particle-lod/L1-g1.csv
Tick-HUD buckets: target=smash64ds-p2-fourcpu-tickhud-hwtri samples=1960 frames=2..1961 melonDS=1.0 sha=DE80E46BDCF1FD98 git=422facd3b0b+dirty(33) dldi=ON

bucket p50           p95           spread mean          min        max           %ALLp50
------ ---           ---           ------ ----          ---        ---           -------
ALL     1,116,736     1,677,184      1.50  1,194,683     1,110,656 17,229,376      100.0
FTR             0             0      0.00          0             0          0        0.0
STG             0             0      0.00          0             0          0        0.0
BG              0             0      0.00          0             0          0        0.0
AUD         4,416        10,048      2.28      5,511         2,368     31,232        0.4
HUD         8,960        24,512      2.74     11,272         7,936    811,776        0.8
SRC       449,344       644,928      1.44    456,347       160,512  1,152,640       40.2
MISC      411,072       605,760      1.47    434,675       150,784 15,855,936       36.8
OTHR      271,552       561,344      2.07    286,878        21,760    789,696       24.3
WAIT      249,984       539,520      2.16    264,790         2,112    769,792       22.4
WORK      903,808     1,269,056      1.40    926,112       343,552 16,888,960       80.9
SHDT      819,263     1,150,015      1.40    842,178       301,567 16,033,215       73.4
SWRM        1,344         1,408      1.05      1,350           960      3,328        0.1
GCRA      443,712       639,552      1.44    450,905       155,776  1,147,328       39.7
SCPU            0             0      0.00          0             0          0        0.0
SCAT            0             0      0.00          0             0          0        0.0
SPRM            0             0      0.00          0             0          0        0.0
SINT            0             0      0.00          0             0          0        0.0
SPHD            0             0      0.00          0             0          0        0.0
SPHC            0             0      0.00          0             0          0        0.0
MWPN            0             0      0.00          0             0          0        0.0
MITM            0             0      0.00          0             0          0        0.0
MEFX            0             0      0.00          0             0          0        0.0
MACT            0             0      0.00          0             0          0        0.0
MPRT            0             0      0.00          0             0          0        0.0
MTEX            0             0      0.00        568             0  1,032,128        0.0
MCAP            0             0      0.00          0             0          0        0.0
MPRO            0             0      0.00          0             0          0        0.0
MCAM      410,944       605,632      1.47    434,540       150,656 15,855,808       36.8
MFLS          128           192      1.50        136           128        256        0.0
GPOL          482           577      1.20        469            47        621        0.0
GVTX        1,086         1,357      1.25      1,078           157      1,485        0.1
DGSA   2,156,708,599 4,108,563,968        2,140,450,557  2,648,577 4,292,117,025 193,126.1
DGSB   2,220,675,919 4,066,019,029        2,159,419,385    168,676 4,294,574,852 198,854.2
WORK-H    894,080     1,253,632      1.40    914,841       335,296 16,077,184       80.1

named=907,805 (76.0% of ALL)  VBI 2:1732 3:213 4:14 5+:2 max:35 total:1961  slips=0
Wrote artifacts/performance/2026-10-05_particle-lod/L1-g1.json
