Wrote artifacts/performance/2026-10-05_particle-lod/L1-g2.csv
Tick-HUD buckets: target=smash64ds-p2-fourcpu-tickhud-hwtri samples=1960 frames=2..1961 melonDS=1.0 sha=DE80E46BDCF1FD98 git=422facd3b0b+dirty(31) dldi=ON

bucket p50           p95           spread mean          min        max           %ALLp50
------ ---           ---           ------ ----          ---        ---           -------
ALL     1,116,800     1,677,248      1.50  1,204,853     1,113,920 18,676,032      100.0
FTR             0             0      0.00          0             0          0        0.0
STG             0             0      0.00          0             0          0        0.0
BG              0             0      0.00          0             0          0        0.0
AUD         4,928        10,432      2.12      5,756         2,304     24,384        0.4
HUD         9,152        24,128      2.64     11,692         7,808    774,400        0.8
SRC       413,568       653,696      1.58    422,706       140,736  1,185,856       37.0
MISC      443,392       596,352      1.34    456,171       185,280 17,362,496       39.7
OTHR      281,216       598,272      2.13    308,528        25,920    776,000       25.2
WAIT      259,456       573,568      2.21    286,649         2,944    756,096       23.2
WORK      898,560     1,264,192      1.41    914,175       357,184 18,335,808       80.5
SHDT      804,927     1,148,287      1.43    820,370       314,239 17,516,735       72.1
SWRM        1,344         1,408      1.05      1,334           896      3,328        0.1
GCRA      408,192       648,256      1.59    417,198       136,064  1,180,160       36.6
SCPU            0             0      0.00          0             0          0        0.0
SCAT            0             0      0.00          0             0          0        0.0
SPRM            0             0      0.00          0             0          0        0.0
SINT            0             0      0.00          0             0          0        0.0
SPHD            0             0      0.00          0             0          0        0.0
SPHC            0             0      0.00          0             0          0        0.0
MWPN            0             0      0.00          0             0          0        0.0
MITM            0             0      0.00          0             0          0        0.0
MEFX            0             0      0.00          0             0          0        0.0
MACT            0             0      0.00          0             0          0        0.0
MPRT            0             0      0.00          0             0          0        0.0
MTEX            0             0      0.00        589             0  1,012,480        0.0
MCAP            0             0      0.00          0             0          0        0.0
MPRO            0             0      0.00          0             0          0        0.0
MCAM      443,264       596,224      1.35    456,036       185,152 17,362,368       39.7
MFLS          128           192      1.50        135           128        448        0.0
GPOL          562           655      1.17        529            51        723        0.1
GVTX        1,344         1,552      1.15      1,271           175      1,743        0.1
DGSA   2,171,201,471 4,069,725,545        2,131,774,420    226,229 4,293,447,369 194,412.7
DGSB   2,223,267,474 4,055,368,550        2,158,968,673    319,904 4,294,070,849 199,074.8
WORK-H    887,296     1,243,456      1.40    902,483       348,160 17,561,408       79.4

named=896,325 (74.4% of ALL)  VBI 2:1694 3:256 4:9 5+:2 max:38 total:1961  slips=0
Wrote artifacts/performance/2026-10-05_particle-lod/L1-g2.json
