Wrote artifacts/performance/2026-10-05_particle-lod/c0-g5.csv
Tick-HUD buckets: target=smash64ds-p2-fourcpu-tickhud-hwtri samples=1960 frames=2..1961 melonDS=1.0 sha=DE80E46BDCF1FD98 git=422facd3b0b+dirty(33) dldi=ON

bucket p50           p95           spread mean          min        max           %ALLp50
------ ---           ---           ------ ----          ---        ---           -------
ALL     1,116,736     1,677,312      1.50  1,205,223     1,113,216  8,750,080      100.0
FTR             0             0      0.00          0             0          0        0.0
STG             0             0      0.00          0             0          0        0.0
BG              0             0      0.00          0             0          0        0.0
AUD         4,608        10,944      2.38      5,791         2,368     22,272        0.4
HUD         9,088        23,744      2.61     11,716         7,936    750,016        0.8
SRC       436,160       641,792      1.47    446,316       167,168  1,337,088       39.1
MISC      449,856       611,968      1.36    470,822       234,880  7,430,336       40.3
OTHR      246,080       560,576      2.28    270,579        21,888    701,120       22.0
WAIT      224,384       538,880      2.40    248,620         2,304    681,088       20.1
WORK      928,448     1,256,704      1.35    952,681       432,192  8,411,264       83.1
SHDT            0             0      0.00          0             0          0        0.0
SWRM        1,344         1,408      1.05      1,351           896      3,392        0.1
GCRA      430,720       636,416      1.48    440,793       162,496  1,331,648       38.6
SCPU            0             0      0.00          0             0          0        0.0
SCAT            0             0      0.00          0             0          0        0.0
SPRM            0             0      0.00          0             0          0        0.0
SINT            0             0      0.00          0             0          0        0.0
SPHD            0             0      0.00          0             0          0        0.0
SPHC            0             0      0.00          0             0          0        0.0
MWPN            0             0      0.00          0             0          0        0.0
MITM            0             0      0.00          0             0          0        0.0
MEFX            0             0      0.00          0             0          0        0.0
MACT            0             0      0.00          0             0          0        0.0
MPRT            0             0      0.00          0             0          0        0.0
MTEX            0             0      0.00        546             0    983,872        0.0
MCAP            0             0      0.00          0             0          0        0.0
MPRO            0             0      0.00          0             0          0        0.0
MCAM      449,728       611,840      1.36    470,688       234,752  7,430,144       40.3
MFLS          128           192      1.50        134           128        192        0.0
GPOL          534           602      1.13        515           116        652        0.0
GVTX        1,249         1,428      1.14      1,220           351      1,631        0.1
DGSA   2,216,622,636 4,088,913,632        2,177,922,654    268,149 4,294,787,496 198,491.2
DGSB   2,319,073,349 4,073,558,838        2,230,935,651  3,133,812 4,292,624,795 207,665.3
WORK-H    917,632     1,239,360      1.35    940,964       423,872  7,661,248       82.2

named=934,645 (77.5% of ALL)  VBI 2:1676 3:273 4:10 5+:2 max:20 total:1961  slips=0
Wrote artifacts/performance/2026-10-05_particle-lod/c0-g5.json
