Wrote artifacts/performance/2026-10-05_particle-lod/gate-lod0.csv
Tick-HUD buckets: target=smash64ds-p2-fourcpu-tickhud-hwtri samples=1960 frames=2..1961 melonDS=1.0 sha=DE80E46BDCF1FD98 git=3d006c61060+dirty(35) dldi=ON

bucket p50           p95           spread mean          min        max           %ALLp50
------ ---           ---           ------ ----          ---        ---           -------
ALL     1,116,544     1,676,544      1.50  1,154,707     1,111,808  4,747,008      100.0
FTR             0             0      0.00          0             0          0        0.0
STG             0             0      0.00          0             0          0        0.0
BG              0             0      0.00          0             0          0        0.0
AUD         4,480        10,624      2.37      5,663         2,368     29,568        0.4
HUD         9,088        24,192      2.66     11,179         7,680    788,224        0.8
SRC       376,000       576,448      1.53    385,662       144,768  1,320,896       33.7
MISC      402,240       569,536      1.42    413,889       174,016  3,345,024       36.0
OTHR      329,408       616,448      1.87    338,314        24,640    784,960       29.5
WAIT      306,688       591,424      1.93    315,756         3,136    764,480       27.5
WORK      822,080     1,139,072      1.39    835,057       349,120  4,413,888       73.6
SHDT            0             0      0.00          0             0          0        0.0
SWRM        1,472         1,536      1.04      1,478           960      3,648        0.1
GCRA      370,368       570,944      1.54    380,108       140,160  1,315,264       33.2
SCPU            0             0      0.00          0             0          0        0.0
SCAT            0             0      0.00          0             0          0        0.0
SPRM            0             0      0.00          0             0          0        0.0
SINT            0             0      0.00          0             0          0        0.0
SPHD            0             0      0.00          0             0          0        0.0
SPHC            0             0      0.00          0             0          0        0.0
MWPN            0             0      0.00          0             0          0        0.0
MITM            0             0      0.00          0             0          0        0.0
MEFX            0             0      0.00          0             0          0        0.0
MACT            0             0      0.00          0             0          0        0.0
MPRT            0             0      0.00          0             0          0        0.0
MTEX            0             0      0.00        359             0    647,936        0.0
MCAP            0             0      0.00          0             0          0        0.0
MPRO            0             0      0.00          0             0          0        0.0
MCAM      402,112       569,408      1.42    413,780       173,888  3,344,960       36.0
MFLS          128           128      1.00        108            64        192        0.0
GPOL          597           643      1.08        550            29        675        0.1
GVTX        1,439         1,569      1.09      1,346            96      1,656        0.1
DGSA   2,248,335,339 4,065,321,507        2,176,252,338    408,983 4,294,514,885 201,365.6
DGSB   2,239,784,444 4,083,387,236        2,189,176,867  1,230,618 4,293,852,712 200,599.7
WORK-H    812,032     1,126,080      1.39    823,878       340,416  3,625,664       72.7

named=816,393 (70.7% of ALL)  VBI 2:1839 3:114 4:7 5+:1 max:9 total:1961  slips=0
Wrote artifacts/performance/2026-10-05_particle-lod/gate-lod0.json
