Wrote artifacts/performance/2026-10-06_projection/gate-q46.csv
Tick-HUD buckets: target=smash64ds-p2-fourcpu-tickhud-hwtri samples=1960 frames=2..1961 melonDS=1.0 sha=DE80E46BDCF1FD98 git=a15b5370a6e+dirty(32) dldi=ON

bucket p50           p95           spread mean          min        max           %ALLp50
------ ---           ---           ------ ----          ---        ---           -------
ALL     1,116,864     1,117,760      1.00  1,136,275     1,111,168  4,484,992      100.0
FTR             0             0      0.00          0             0          0        0.0
STG             0             0      0.00          0             0          0        0.0
BG              0             0      0.00          0             0          0        0.0
AUD         4,928        10,496      2.13      5,607         2,176     27,776        0.4
HUD         8,960        23,680      2.64     11,520         7,936    555,264        0.8
SRC       323,904       520,960      1.61    338,221       123,136    971,840       29.0
MISC      394,560       534,272      1.35    399,041       169,600  3,350,400       35.3
OTHR      383,744       650,432      1.69    381,886        24,704    808,832       34.4
WAIT      361,984       624,832      1.73    360,543         3,776    789,120       32.4
WORK      759,872     1,044,608      1.37    771,983       324,608  4,152,832       68.0
SHDT      658,239       939,583      1.43    676,308       281,727  1,849,471       58.9
SWRM        1,280         1,280      1.00      1,242           832      3,008        0.1
GCRA      318,464       515,456      1.62    332,796       118,720    966,336       28.5
SCPU            0             0      0.00          0             0          0        0.0
SCAT            0             0      0.00          0             0          0        0.0
SPRM            0             0      0.00          0             0          0        0.0
SINT            0             0      0.00          0             0          0        0.0
SPHD            0             0      0.00          0             0          0        0.0
SPHC            0             0      0.00          0             0          0        0.0
MWPN            0             0      0.00          0             0          0        0.0
MITM            0             0      0.00          0             0          0        0.0
MEFX            0             0      0.00          0             0          0        0.0
MACT            0             0      0.00          0             0          0        0.0
MPRT            0             0      0.00          0             0          0        0.0
MTEX            0             0      0.00        378             0    659,520        0.0
MCAP            0             0      0.00          0             0          0        0.0
MPRO            0             0      0.00          0             0          0        0.0
MCAM      394,432       534,144      1.35    398,930       169,472  3,350,272       35.3
MFLS          128           128      1.00        110            64        192        0.0
GPOL          592           673      1.14        545            29        755        0.1
GVTX        1,419         1,595      1.12      1,320            96      1,750        0.1
DGSA   2,250,718,284 4,050,421,973        2,184,942,484  1,678,878 4,291,383,562 201,521.2
DGSB   2,254,346,240 4,035,342,474        2,215,590,844  2,771,092 4,285,088,836 201,846.1
WORK-H    749,568     1,033,728      1.38    760,463       315,264  3,597,568       67.1

named=754,389 (66.4% of ALL)  VBI 2:1899 3:60 4:1 5+:1 max:8 total:1961  slips=0
Wrote artifacts/performance/2026-10-06_projection/gate-q46.json
