Wrote D:\Stuff\DevFolder\Smash64DS_Port\artifacts\performance\2026-10-06_stage-sweep/g5-q15.csv
Tick-HUD buckets: target=smash64ds-p2-fourcpu-tickhud-hwtri samples=1960 frames=2..1961 melonDS=1.0 sha=DE80E46BDCF1FD98 git=764bd89bf79+dirty(39) dldi=ON

bucket p50           p95           spread mean          min        max           %ALLp50
------ ---           ---           ------ ----          ---        ---           -------
ALL     1,116,608     1,676,928      1.50  1,174,026     1,110,912  8,884,160      100.0
FTR             0             0      0.00          0             0          0        0.0
STG             0             0      0.00          0             0          0        0.0
BG              0             0      0.00          0             0          0        0.0
AUD         4,864        10,688      2.20      5,698         2,304     26,816        0.4
HUD         8,896        24,000      2.70     11,592         7,872    816,512        0.8
SRC       403,328       603,904      1.50    414,741       159,168  1,056,256       36.1
MISC      432,512       569,792      1.32    451,657       229,376  7,505,152       38.7
OTHR      280,320       563,904      2.01    290,337        23,104    715,456       25.1
WAIT      259,776       541,632      2.08    268,685         2,240    696,384       23.3
WORK      880,448     1,174,336      1.33    901,686       416,768  8,549,120       78.9
SHDT      789,887     1,068,799      1.35    810,116       374,847  7,688,639       70.7
SWRM        1,152         1,280      1.11      1,192           832      3,136        0.1
GCRA      398,144       598,720      1.50    409,526       154,752  1,047,040       35.7
SCPU            0             0      0.00          0             0          0        0.0
SCAT            0             0      0.00          0             0          0        0.0
SPRM            0             0      0.00          0             0          0        0.0
SINT            0             0      0.00          0             0          0        0.0
SPHD            0             0      0.00          0             0          0        0.0
SPHC            0             0      0.00          0             0          0        0.0
MWPN            0             0      0.00          0             0          0        0.0
MITM            0             0      0.00          0             0          0        0.0
MEFX            0             0      0.00          0             0          0        0.0
MACT            0             0      0.00          0             0          0        0.0
MPRT            0             0      0.00          0             0          0        0.0
MTEX            0             0      0.00        582             0    995,136        0.0
MCAP            0             0      0.00          0             0          0        0.0
MPRO            0             0      0.00          0             0          0        0.0
MCAM      432,384       569,664      1.32    451,542       229,248  7,505,024       38.7
MFLS          128           128      1.00        115            64        384        0.0
GPOL          529           588      1.11        504           117        634        0.0
GVTX        1,235         1,379      1.12      1,185           351      1,509        0.1
DGSA   2,214,149,781 4,061,565,674        2,182,419,346  2,606,311 4,293,734,280 198,292.5
DGSB   2,195,669,362 4,045,090,668        2,163,767,193  2,251,275 4,292,192,681 196,637.4
WORK-H    868,160     1,157,760      1.33    890,094       408,704  7,732,608       77.7

named=883,688 (75.3% of ALL)  VBI 2:1781 3:172 4:6 5+:2 max:20 total:1961  slips=0
Wrote D:\Stuff\DevFolder\Smash64DS_Port\artifacts\performance\2026-10-06_stage-sweep/g5-q15.json
