Wrote D:\Stuff\DevFolder\Smash64DS_Port\artifacts\performance\2026-10-06_stage-sweep/g7-q15.csv
Tick-HUD buckets: target=smash64ds-p2-fourcpu-tickhud-hwtri samples=1960 frames=2..1961 melonDS=1.0 sha=DE80E46BDCF1FD98 git=764bd89bf79+dirty(39) dldi=ON

bucket p50           p95           spread mean          min        max           %ALLp50
------ ---           ---           ------ ----          ---        ---           -------
ALL     1,116,608     1,676,928      1.50  1,184,465     1,111,552 15,353,728      100.0
FTR             0             0      0.00          0             0          0        0.0
STG             0             0      0.00          0             0          0        0.0
BG              0             0      0.00          0             0          0        0.0
AUD         5,120        10,688      2.09      5,709         2,240     24,576        0.5
HUD         9,152        23,936      2.62     12,052         7,872    759,424        0.8
SRC       424,640       652,416      1.54    436,028       145,344  1,230,464       38.0
MISC      399,424       572,096      1.43    421,233       175,104 14,056,064       35.8
OTHR      294,080       558,528      1.90    309,444        24,128    782,784       26.3
WAIT      273,728       537,920      1.97    288,412         3,456    762,944       24.5
WORK      867,904     1,207,168      1.39    892,228       350,464 15,019,136       77.7
SHDT      779,519     1,079,935      1.39    798,986       307,519 14,215,359       69.8
SWRM        1,152         1,280      1.11      1,182           832      2,944        0.1
GCRA      419,456       647,104      1.54    430,832       140,928  1,225,280       37.6
SCPU            0             0      0.00          0             0          0        0.0
SCAT            0             0      0.00          0             0          0        0.0
SPRM            0             0      0.00          0             0          0        0.0
SINT            0             0      0.00          0             0          0        0.0
SPHD            0             0      0.00          0             0          0        0.0
SPHC            0             0      0.00          0             0          0        0.0
MWPN            0             0      0.00          0             0          0        0.0
MITM            0             0      0.00          0             0          0        0.0
MEFX            0             0      0.00          0             0          0        0.0
MACT            0             0      0.00          0             0          0        0.0
MPRT            0             0      0.00          0             0          0        0.0
MTEX            0             0      0.00        715             0  1,216,384        0.0
MCAP            0             0      0.00          0             0          0        0.0
MPRO            0             0      0.00          0             0          0        0.0
MCAM      399,296       571,968      1.43    421,120       174,976 14,055,936       35.8
MFLS          128           128      1.00        113            64        448        0.0
GPOL          537           603      1.12        521           107        683        0.0
GVTX        1,255         1,439      1.15      1,229           348      1,689        0.1
DGSA   2,197,054,711 4,159,033,947        2,143,398,587  1,545,528 4,291,817,011 196,761.5
DGSB   2,238,448,197 4,184,969,177        2,201,451,515  1,198,703 4,294,631,747 200,468.6
WORK-H    858,624     1,190,848      1.39    880,175       341,184 14,259,712       76.9

named=875,022 (73.9% of ALL)  VBI 2:1761 3:189 4:7 5+:4 max:32 total:1961  slips=0
Wrote D:\Stuff\DevFolder\Smash64DS_Port\artifacts\performance\2026-10-06_stage-sweep/g7-q15.json
