Wrote D:\Stuff\DevFolder\Smash64DS_Port\artifacts\performance\2026-10-06_stage-sweep/g4-q15.csv
Tick-HUD buckets: target=smash64ds-p2-fourcpu-tickhud-hwtri samples=1960 frames=2..1961 melonDS=1.0 sha=DE80E46BDCF1FD98 git=764bd89bf79+dirty(39) dldi=ON

bucket p50           p95           spread mean          min        max           %ALLp50
------ ---           ---           ------ ----          ---        ---           -------
ALL     1,116,608     1,117,312      1.00  1,148,051     1,111,168 28,563,712      100.0
FTR             0             0      0.00          0             0          0        0.0
STG             0             0      0.00          0             0          0        0.0
BG              0             0      0.00          0             0          0        0.0
AUD         4,480        10,176      2.27      5,522         2,240     29,824        0.4
HUD         9,216        24,064      2.61     11,468         7,680    435,968        0.8
SRC       372,160       549,632      1.48    371,860       125,312    936,960       33.3
MISC      335,808       450,368      1.34    353,261       117,376 27,609,856       30.1
OTHR      389,952       741,120      1.90    405,940        24,256    861,184       34.9
WAIT      368,768       717,312      1.95    384,624         5,120    841,728       33.0
WORK      749,504     1,019,392      1.36    759,573       271,616 28,226,880       67.1
SHDT      638,911       888,703      1.39    657,577       229,631 27,747,391       57.2
SWRM        1,152         1,280      1.11      1,184           768      2,816        0.1
GCRA      366,976       541,632      1.48    366,671       120,896    930,112       32.9
SCPU            0             0      0.00          0             0          0        0.0
SCAT            0             0      0.00          0             0          0        0.0
SPRM            0             0      0.00          0             0          0        0.0
SINT            0             0      0.00          0             0          0        0.0
SPHD            0             0      0.00          0             0          0        0.0
SPHC            0             0      0.00          0             0          0        0.0
MWPN            0             0      0.00          0             0          0        0.0
MITM            0             0      0.00          0             0          0        0.0
MEFX            0             0      0.00          0             0          0        0.0
MACT            0             0      0.00          0             0          0        0.0
MPRT            0             0      0.00          0             0          0        0.0
MTEX            0             0      0.00        664             0  1,180,480        0.0
MCAP            0             0      0.00          0             0          0        0.0
MPRO            0             0      0.00          0             0          0        0.0
MCAM      335,680       450,240      1.34    353,146       117,248 27,609,792       30.1
MFLS          128           128      1.00        115            64        256        0.0
GPOL          479           564      1.18        447            29        623        0.0
GVTX        1,093         1,321      1.21      1,035            94      1,486        0.1
DGSA   2,190,541,295 4,102,694,071        2,173,246,281  8,661,543 4,293,989,596 196,178.2
DGSB   2,204,730,242 4,134,130,666        2,211,375,342     96,753 4,294,372,757 197,448.9
WORK-H    738,880     1,008,640      1.37    748,105       263,232 27,790,912       66.2

named=742,111 (64.6% of ALL)  VBI 2:1905 3:50 4:4 5+:2 max:55 total:1961  slips=0
Wrote D:\Stuff\DevFolder\Smash64DS_Port\artifacts\performance\2026-10-06_stage-sweep/g4-q15.json
