Wrote D:\Stuff\DevFolder\Smash64DS_Port\artifacts\performance\2026-10-06_stage-sweep/g6-q15.csv
Tick-HUD buckets: target=smash64ds-p2-fourcpu-tickhud-hwtri samples=1960 frames=2..1961 melonDS=1.0 sha=DE80E46BDCF1FD98 git=764bd89bf79+dirty(39) dldi=ON

bucket p50           p95           spread mean          min        max           %ALLp50
------ ---           ---           ------ ----          ---        ---           -------
ALL     1,116,608     1,118,080      1.00  1,142,368     1,111,424  4,543,552      100.0
FTR             0             0      0.00          0             0          0        0.0
STG             0             0      0.00          0             0          0        0.0
BG              0             0      0.00          0             0          0        0.0
AUD         4,800        10,240      2.13      5,563         2,240     23,488        0.4
HUD         9,088        23,744      2.61     11,674         7,744    562,816        0.8
SRC       352,448       548,032      1.55    364,004       132,416    996,608       31.6
MISC      401,408       544,384      1.36    406,907       175,104  3,385,088       35.9
OTHR      350,592       634,880      1.81    354,220        23,104    794,816       31.4
WAIT      328,768       611,072      1.86    333,036         3,520    775,616       29.4
WORK      794,752     1,082,368      1.36    805,534       337,856  4,212,416       71.2
SHDT      693,951       977,407      1.41    709,447       294,591  1,863,999       62.1
SWRM        1,152         1,280      1.11      1,191           768      3,136        0.1
GCRA      347,392       542,528      1.56    358,830       128,064    991,168       31.1
SCPU            0             0      0.00          0             0          0        0.0
SCAT            0             0      0.00          0             0          0        0.0
SPRM            0             0      0.00          0             0          0        0.0
SINT            0             0      0.00          0             0          0        0.0
SPHD            0             0      0.00          0             0          0        0.0
SPHC            0             0      0.00          0             0          0        0.0
MWPN            0             0      0.00          0             0          0        0.0
MITM            0             0      0.00          0             0          0        0.0
MEFX            0             0      0.00          0             0          0        0.0
MACT            0             0      0.00          0             0          0        0.0
MPRT            0             0      0.00          0             0          0        0.0
MTEX            0             0      0.00        372             0    652,928        0.0
MCAP            0             0      0.00          0             0          0        0.0
MPRO            0             0      0.00          0             0          0        0.0
MCAM      401,280       544,256      1.36    406,792       174,976  3,384,960       35.9
MFLS          128           128      1.00        115            64        192        0.0
GPOL          592           673      1.14        542            29        755        0.1
GVTX        1,419         1,596      1.12      1,315            96      1,750        0.1
DGSA   2,250,718,284 4,050,421,973        2,184,942,484  1,678,878 4,291,383,562 201,567.5
DGSB   2,254,346,240 4,035,342,474        2,215,590,844  2,771,092 4,285,088,836 201,892.4
WORK-H    784,256     1,072,448      1.37    793,861       328,768  3,649,600       70.2

named=788,148 (69.0% of ALL)  VBI 2:1877 3:82 4:1 5+:1 max:9 total:1961  slips=0
Wrote D:\Stuff\DevFolder\Smash64DS_Port\artifacts\performance\2026-10-06_stage-sweep/g6-q15.json
