Wrote D:\Stuff\DevFolder\Smash64DS_Port\artifacts\performance\2026-10-05_stage-anim-q/gate-q2.csv
Tick-HUD buckets: target=smash64ds-p2-fourcpu-tickhud-hwtri samples=1960 frames=2..1961 melonDS=1.0 sha=DE80E46BDCF1FD98 git=e61727c40a1+dirty(32) dldi=ON

bucket p50           p95           spread mean          min        max           %ALLp50
------ ---           ---           ------ ----          ---        ---           -------
ALL     1,116,736     1,676,352      1.50  1,152,765     1,111,872  5,310,528      100.0
FTR             0             0      0.00          0             0          0        0.0
STG             0             0      0.00          0             0          0        0.0
BG              0             0      0.00          0             0          0        0.0
AUD         4,480        10,432      2.33      5,614         2,432     27,648        0.4
HUD         9,088        24,192      2.66     11,006         7,808    372,032        0.8
SRC       366,016       562,880      1.54    374,445       134,464  1,268,544       32.8
MISC      409,344       561,536      1.37    419,637       175,552  4,545,216       36.7
OTHR      331,456       629,440      1.90    342,063        24,128    795,520       29.7
WAIT      309,120       605,120      1.96    320,134         2,624    775,488       27.7
WORK      819,648     1,118,656      1.36    828,693       338,496  4,900,224       73.4
SHDT      717,119       997,823      1.39    731,140       297,343  4,799,487       64.2
SWRM        1,408         1,472      1.05      1,385           960      3,584        0.1
GCRA      360,512       557,440      1.55    368,929       129,920  1,263,104       32.3
SCPU            0             0      0.00          0             0          0        0.0
SCAT            0             0      0.00          0             0          0        0.0
SPRM            0             0      0.00          0             0          0        0.0
SINT            0             0      0.00          0             0          0        0.0
SPHD            0             0      0.00          0             0          0        0.0
SPHC            0             0      0.00          0             0          0        0.0
MWPN            0             0      0.00          0             0          0        0.0
MITM            0             0      0.00          0             0          0        0.0
MEFX            0             0      0.00          0             0          0        0.0
MACT            0             0      0.00          0             0          0        0.0
MPRT            0             0      0.00          0             0          0        0.0
MTEX            0             0      0.00        359             0    646,016        0.0
MCAP            0             0      0.00          0             0          0        0.0
MPRO            0             0      0.00          0             0          0        0.0
MCAM      409,216       561,472      1.37    419,531       175,424  4,545,152       36.6
MFLS          128           128      1.00        107            64        128        0.0
GPOL          596           643      1.08        548            29        672        0.1
GVTX        1,439         1,569      1.09      1,341            96      1,652        0.1
DGSA   2,271,025,253 4,053,265,608        2,196,203,133    408,983 4,292,542,737 203,362.8
DGSB   2,239,784,444 4,085,716,662        2,181,657,936  1,230,618 4,292,739,132 200,565.3
WORK-H    808,576     1,104,448      1.37    817,687       330,688  4,877,120       72.4

named=810,702 (70.3% of ALL)  VBI 2:1852 3:102 4:6 5+:1 max:8 total:1961  slips=0
Wrote D:\Stuff\DevFolder\Smash64DS_Port\artifacts\performance\2026-10-05_stage-anim-q/gate-q2.json
