Wrote D:\Stuff\DevFolder\Smash64DS_Port\artifacts\performance\2026-10-05_stage-anim-q/yo-q1.csv
Tick-HUD buckets: target=smash64ds-p2-fourcpu-tickhud-hwtri samples=1960 frames=2..1961 melonDS=1.0 sha=DE80E46BDCF1FD98 git=e61727c40a1+dirty(32) dldi=ON

bucket p50           p95           spread mean          min        max           %ALLp50
------ ---           ---           ------ ----          ---        ---           -------
ALL     1,116,800     1,677,120      1.50  1,200,596     1,111,552  4,654,336      100.0
FTR             0             0      0.00          0             0          0        0.0
STG             0             0      0.00          0             0          0        0.0
BG              0             0      0.00          0             0          0        0.0
AUD         4,992        10,048      2.01      5,680         2,432     25,472        0.4
HUD         9,216        24,320      2.64     11,475         7,808    672,640        0.8
SRC       393,920       652,800      1.66    411,461       135,296  1,151,424       35.3
MISC      444,672       679,168      1.53    459,113       177,408  3,370,752       39.8
OTHR      293,504       592,448      2.02    312,867        23,872    791,872       26.3
WAIT      272,448       568,064      2.09    291,218         2,240    772,288       24.4
WORK      895,424     1,273,984      1.42    905,282       341,120  4,322,304       80.2
SHDT      790,655     1,169,023      1.48    807,831       299,455  2,319,743       70.8
SWRM        1,344         1,408      1.05      1,351           896      3,328        0.1
GCRA      388,352       646,656      1.67    405,895       130,752  1,145,856       34.8
SCPU            0             0      0.00          0             0          0        0.0
SCAT            0             0      0.00          0             0          0        0.0
SPRM            0             0      0.00          0             0          0        0.0
SINT            0             0      0.00          0             0          0        0.0
SPHD            0             0      0.00          0             0          0        0.0
SPHC            0             0      0.00          0             0          0        0.0
MWPN            0             0      0.00          0             0          0        0.0
MITM            0             0      0.00          0             0          0        0.0
MEFX            0             0      0.00          0             0          0        0.0
MACT            0             0      0.00          0             0          0        0.0
MPRT            0             0      0.00          0             0          0        0.0
MTEX            0             0      0.00        279             0    275,136        0.0
MCAP            0             0      0.00          0             0          0        0.0
MPRO            0             0      0.00          0             0          0        0.0
MCAM      444,608       679,040      1.53    459,006       177,280  3,370,624       39.8
MFLS          128           128      1.00        107            64        448        0.0
GPOL          536           611      1.14        487            57        663        0.0
GVTX        1,377         1,575      1.14      1,267           185      1,762        0.1
DGSA   2,119,280,374 4,084,045,404   1.93 2,146,328,221  5,064,253 4,294,579,349 189,763.6
DGSB   2,061,157,662 4,054,350,453   1.97 2,114,667,851    755,242 4,291,943,493 184,559.2
WORK-H    884,672     1,261,632      1.43    893,807       332,736  3,649,664       79.2

named=887,729 (73.9% of ALL)  VBI 2:1681 3:272 4:6 5+:2 max:9 total:1961  slips=0
Wrote D:\Stuff\DevFolder\Smash64DS_Port\artifacts\performance\2026-10-05_stage-anim-q/yo-q1.json
