Wrote D:\Stuff\DevFolder\Smash64DS_Port\artifacts\performance\2026-10-05_stage-anim-q/yo-q2.csv
Tick-HUD buckets: target=smash64ds-p2-fourcpu-tickhud-hwtri samples=1960 frames=2..1961 melonDS=1.0 sha=DE80E46BDCF1FD98 git=e61727c40a1+dirty(32) dldi=ON

bucket p50           p95           spread mean          min        max           %ALLp50
------ ---           ---           ------ ----          ---        ---           -------
ALL     1,116,736     1,677,056      1.50  1,199,722     1,111,808  4,720,128      100.0
FTR             0             0      0.00          0             0          0        0.0
STG             0             0      0.00          0             0          0        0.0
BG              0             0      0.00          0             0          0        0.0
AUD         4,992        10,112      2.03      5,685         2,432     26,688        0.4
HUD         9,152        24,000      2.62     11,452         7,808    788,800        0.8
SRC       393,536       652,928      1.66    410,979       134,976  1,172,992       35.2
MISC      445,120       676,224      1.52    458,673       175,616  3,320,640       39.9
OTHR      293,504       593,088      2.02    312,932        22,080    793,408       26.3
WAIT      272,384       568,640      2.09    291,358         2,240    773,824       24.4
WORK      894,272     1,270,976      1.42    904,337       339,328  4,389,760       80.1
SHDT      788,991     1,166,847      1.48    807,042       297,279  2,316,351       70.7
SWRM        1,344         1,472      1.10      1,371           896      3,392        0.1
GCRA      388,032       647,424      1.67    405,473       130,432  1,167,040       34.7
SCPU            0             0      0.00          0             0          0        0.0
SCAT            0             0      0.00          0             0          0        0.0
SPRM            0             0      0.00          0             0          0        0.0
SINT            0             0      0.00          0             0          0        0.0
SPHD            0             0      0.00          0             0          0        0.0
SPHC            0             0      0.00          0             0          0        0.0
MWPN            0             0      0.00          0             0          0        0.0
MITM            0             0      0.00          0             0          0        0.0
MEFX            0             0      0.00          0             0          0        0.0
MACT            0             0      0.00          0             0          0        0.0
MPRT            0             0      0.00          0             0          0        0.0
MTEX            0             0      0.00        273             0    270,400        0.0
MCAP            0             0      0.00          0             0          0        0.0
MPRO            0             0      0.00          0             0          0        0.0
MCAM      444,992       676,160      1.52    458,566       175,488  3,320,512       39.8
MFLS          128           128      1.00        108            64        448        0.0
GPOL          536           611      1.14        487            57        663        0.0
GVTX        1,377         1,575      1.14      1,267           185      1,762        0.1
DGSA   2,119,280,374 4,084,045,404   1.93 2,146,328,221  5,064,253 4,294,579,349 189,774.5
DGSB   2,061,157,662 4,054,350,453   1.97 2,114,667,851    755,242 4,291,943,493 184,569.8
WORK-H    883,456     1,260,544      1.43    892,884       331,008  3,600,960       79.1

named=886,789 (73.9% of ALL)  VBI 2:1684 3:269 4:6 5+:2 max:9 total:1961  slips=0
Wrote D:\Stuff\DevFolder\Smash64DS_Port\artifacts\performance\2026-10-05_stage-anim-q/yo-q2.json
