Wrote artifacts/performance/2026-10-04_item-replay/gate-routes.csv
Tick-HUD buckets: target=smash64ds-p2-fourcpu-tickhud-hwtri samples=1960 frames=2..1961 melonDS=1.0 sha=DE80E46BDCF1FD98 git=a7f27e3ef94+dirty(16) dldi=ON

bucket p50           p95           spread mean          min        max           %ALLp50
------ ---           ---           ------ ----          ---        ---           -------
ALL     1,116,928     1,677,184      1.50  1,192,817     1,111,808  4,841,920      100.0
FTR       137,216       217,216      1.58    145,629         9,600  1,003,712       12.3
STG       154,176       161,408      1.05    156,020       146,368  1,654,592       13.8
BG              0             0      0.00          0             0          0        0.0
AUD         4,352        10,304      2.37      5,500         2,304     25,600        0.4
HUD        19,072        35,136      1.84     18,925         8,192    852,544        1.7
SRC       391,104       608,640      1.56    403,533       147,328  1,257,472       35.0
MISC      155,904       293,952      1.89    166,570        56,640  1,708,352       14.0
OTHR      273,856       576,384      2.10    296,641        24,192    742,720       24.5
WAIT      250,176       552,512      2.21    273,771         1,728    721,920       22.4
WORK      904,192     1,249,152      1.38    919,047       394,944  4,514,176       81.0
SHDT            0             0      0.00          0             0          0        0.0
SWRM        1,344         1,408      1.05      1,342           832      3,136        0.1
GCRA      385,728       603,328      1.56    398,240       143,104  1,252,288       34.5
SCPU            0             0      0.00          0             0          0        0.0
SCAT            0             0      0.00          0             0          0        0.0
SPRM            0             0      0.00          0             0          0        0.0
SINT            0             0      0.00          0             0          0        0.0
SPHD            0             0      0.00          0             0          0        0.0
SPHC            0             0      0.00          0             0          0        0.0
MWPN          128        29,056    227.00      8,101             0    200,256        0.0
MITM       40,640        63,872      1.57     28,261             0    159,424        3.6
MEFX          256        75,200    293.75     12,090             0    325,504        0.0
MACT           64           192      3.00         49             0        320        0.0
MPRT       36,096        71,872      1.99     38,636        11,392    246,912        3.2
MTEX            0             0      0.00        766             0  1,415,232        0.0
MCAP            0             0      0.00          0             0          0        0.0
MPRO            0             0      0.00          0             0          0        0.0
MCAM       65,536       137,408      2.10     79,326        45,056  1,695,936        5.9
MFLS          128           128      1.00        107            64        448        0.0
GPOL          597           643      1.08        551            29        675        0.1
GVTX        1,439         1,569      1.09      1,346            96      1,660        0.1
DGSA   2,221,927,571 4,052,476,767        2,144,070,467    408,983 4,294,514,885 198,932.0
DGSB   2,229,679,774 4,052,096,565        2,163,259,781    888,730 4,293,852,712 199,626.1
WORK-H    886,720     1,221,184      1.38    900,122       386,112  3,661,632       79.4

named=896,177 (75.1% of ALL)  VBI 2:1714 3:232 4:14 5+:1 max:9 total:1961  slips=0
Wrote artifacts/performance/2026-10-04_item-replay/gate-routes.json
