Wrote artifacts/performance/2026-10-04_item-replay/gate-replay.csv
Tick-HUD buckets: target=smash64ds-p2-fourcpu-tickhud-hwtri samples=1960 frames=2..1961 melonDS=1.0 sha=DE80E46BDCF1FD98 git=14104884fc5+dirty(20) dldi=ON

bucket p50           p95           spread mean          min        max           %ALLp50
------ ---           ---           ------ ----          ---        ---           -------
ALL     1,116,992     1,677,312      1.50  1,192,866     1,112,640  4,733,440      100.0
FTR       137,728       216,832      1.57    145,862         9,664  1,004,608       12.3
STG       152,384       158,400      1.04    153,934       145,024  1,643,264       13.6
BG              0             0      0.00          0             0          0        0.0
AUD         4,480        10,496      2.34      5,602         2,432     24,320        0.4
HUD        18,816        34,944      1.86     18,736         8,128    704,512        1.7
SRC       393,472       610,880      1.55    405,265       148,672  1,349,248       35.2
MISC      157,952       290,816      1.84    167,120        56,576  1,762,048       14.1
OTHR      273,024       578,240      2.12    296,346        22,336    742,784       24.4
WAIT      249,856       553,088      2.21    273,500         1,920    721,024       22.4
WORK      905,856     1,243,520      1.37    919,366       395,904  4,408,000       81.1
SHDT            0             0      0.00          0             0          0        0.0
SWRM        1,344         1,408      1.05      1,368           896      3,392        0.1
GCRA      387,776       605,504      1.56    400,017       144,256  1,344,128       34.7
SCPU            0             0      0.00          0             0          0        0.0
SCAT            0             0      0.00          0             0          0        0.0
SPRM            0             0      0.00          0             0          0        0.0
SINT            0             0      0.00          0             0          0        0.0
SPHD            0             0      0.00          0             0          0        0.0
SPHC            0             0      0.00          0             0          0        0.0
MWPN          192        28,352    147.67      7,997             0    199,296        0.0
MITM       41,792        62,208      1.49     28,608             0    158,400        3.7
MEFX          256        75,840    296.25     11,951             0    332,800        0.0
MACT           64           128      2.00         49             0        320        0.0
MPRT       36,288        72,640      2.00     38,971        11,456    245,632        3.2
MTEX            0             0      0.00        767             0  1,416,704        0.0
MCAP            0             0      0.00          0             0          0        0.0
MPRO            0             0      0.00          0             0          0        0.0
MCAM       66,112       135,872      2.06     79,436        44,672  1,749,312        5.9
MFLS          128           128      1.00        108            64        320        0.0
GPOL          597           643      1.08        551            29        675        0.1
GVTX        1,439         1,569      1.09      1,346            96      1,660        0.1
DGSA   2,221,927,571 4,052,476,767        2,144,070,467    408,983 4,294,514,885 198,920.6
DGSB   2,229,679,774 4,052,096,565        2,163,259,781    888,730 4,293,852,712 199,614.7
WORK-H    887,232     1,220,160      1.38    900,630       386,176  3,703,488       79.4

named=896,519 (75.2% of ALL)  VBI 2:1714 3:232 4:14 5+:1 max:9 total:1961  slips=0
Wrote artifacts/performance/2026-10-04_item-replay/gate-replay.json
