Wrote artifacts/performance/2026-10-06_source-vfx/gate-q47.csv
Tick-HUD buckets: target=smash64ds-p2-fourcpu-tickhud-hwtri samples=1960 frames=2..1961 melonDS=1.0 sha=DE80E46BDCF1FD98 git=818d8af20ec+dirty(34) dldi=ON

bucket p50           p95           spread mean          min        max           %ALLp50
------ ---           ---           ------ ----          ---        ---           -------
ALL     1,116,864     1,118,144      1.00  1,140,250     1,111,488  4,390,336      100.0
FTR             0             0      0.00          0             0          0        0.0
STG             0             0      0.00          0             0          0        0.0
BG              0             0      0.00          0             0          0        0.0
AUD         4,992        10,304      2.06      5,720         2,560     28,672        0.4
HUD         9,152        24,512      2.68     12,198         8,128    451,072        0.8
SRC       323,008       532,288      1.65    337,539       122,432  1,094,464       28.9
MISC      395,328       507,264      1.28    397,916       169,600  3,363,136       35.4
OTHR      385,472       652,544      1.69    386,877        26,112    809,216       34.5
WAIT      364,096       628,672      1.73    365,767         5,184    789,504       32.6
WORK      758,720     1,066,560      1.41    770,635       324,032  4,062,464       67.9
SHDT      655,871       946,111      1.44    671,847       282,367  2,043,135       58.7
SWRM        1,280         1,408      1.10      1,314           832      3,264        0.1
GCRA      317,824       527,040      1.66    332,343       118,080  1,085,120       28.5
SCPU            0             0      0.00          0             0          0        0.0
SCAT            0             0      0.00          0             0          0        0.0
SPRM            0             0      0.00          0             0          0        0.0
SINT            0             0      0.00          0             0          0        0.0
SPHD            0             0      0.00          0             0          0        0.0
SPHC            0             0      0.00          0             0          0        0.0
MWPN            0             0      0.00          0             0          0        0.0
MITM            0             0      0.00          0             0          0        0.0
MEFX            0             0      0.00          0             0          0        0.0
MACT            0             0      0.00          0             0          0        0.0
MPRT            0             0      0.00          0             0          0        0.0
MTEX            0             0      0.00        384             0    662,080        0.0
MCAP            0             0      0.00          0             0          0        0.0
MPRO            0             0      0.00          0             0          0        0.0
MCAM      395,264       507,136      1.28    397,832       169,536  3,363,072       35.4
MFLS           64           128      2.00         85            64        128        0.0
GPOL          579           635      1.10        528            29        691        0.1
GVTX        1,391         1,538      1.11      1,289            96      1,696        0.1
DGSA   2,248,335,339 4,075,150,473        2,175,121,965  1,678,878 4,293,768,656 201,307.9
DGSB   2,199,387,508 4,042,030,381        2,153,908,362  2,771,092 4,294,399,859 196,925.3
WORK-H    747,264     1,056,512      1.41    758,437       315,584  3,611,392       66.9

named=753,373 (66.1% of ALL)  VBI 2:1887 3:70 4:3 5+:1 max:8 total:1961  slips=0
Wrote artifacts/performance/2026-10-06_source-vfx/gate-q47.json
