Wrote artifacts/performance/2026-10-06_source-vfx/g0-q47.csv
Tick-HUD buckets: target=smash64ds-p2-fourcpu-tickhud-hwtri samples=1960 frames=2..1961 melonDS=1.0 sha=DE80E46BDCF1FD98 git=818d8af20ec+dirty(34) dldi=ON

bucket p50           p95           spread mean          min        max           %ALLp50
------ ---           ---           ------ ----          ---        ---           -------
ALL     1,116,864     1,118,080      1.00  1,146,776     1,112,512  9,333,568      100.0
FTR             0             0      0.00          0             0          0        0.0
STG             0             0      0.00          0             0          0        0.0
BG              0             0      0.00          0             0          0        0.0
AUD         5,248        10,560      2.01      5,845         2,560     23,104        0.5
HUD         9,344        24,384      2.61     12,288         8,384    846,144        0.8
SRC       400,896       614,016      1.53    410,531       138,432  1,017,536       35.9
MISC      355,008       481,152      1.36    366,587       125,824  7,953,664       31.8
OTHR      349,056       558,400      1.60    351,526        22,912    836,480       31.3
WAIT      328,448       535,040      1.63    330,214         2,496    816,896       29.4
WORK      793,728     1,092,096      1.38    812,436       296,384  8,997,888       71.1
SHDT      704,831       981,567      1.39    725,568       254,719  8,108,223       63.1
SWRM        1,280         1,344      1.05      1,269           832      3,392        0.1
GCRA      395,648       607,936      1.54    405,342       134,016  1,008,128       35.4
SCPU            0             0      0.00          0             0          0        0.0
SCAT            0             0      0.00          0             0          0        0.0
SPRM            0             0      0.00          0             0          0        0.0
SINT            0             0      0.00          0             0          0        0.0
SPHD            0             0      0.00          0             0          0        0.0
SPHC            0             0      0.00          0             0          0        0.0
MWPN            0             0      0.00          0             0          0        0.0
MITM            0             0      0.00          0             0          0        0.0
MEFX            0             0      0.00          0             0          0        0.0
MACT            0             0      0.00          0             0          0        0.0
MPRT            0             0      0.00          0             0          0        0.0
MTEX            0             0      0.00        583             0  1,043,840        0.0
MCAP            0             0      0.00          0             0          0        0.0
MPRO            0             0      0.00          0             0          0        0.0
MCAM      354,880       481,088      1.36    366,500       125,760  7,953,536       31.8
MFLS           64           128      2.00         87            64        256        0.0
GPOL          497           557      1.12        474            68        605        0.0
GVTX        1,134         1,286      1.13      1,097           214      1,424        0.1
DGSA   2,156,107,775 4,085,789,599        2,143,769,046  4,136,899 4,294,504,546 193,050.2
DGSB   2,132,237,381 4,083,937,101   1.92 2,129,613,282  1,447,036 4,293,768,537 190,912.9
WORK-H    780,736     1,073,664      1.38    800,148       286,464  8,151,744       69.9

named=795,251 (69.3% of ALL)  VBI 2:1879 3:73 4:7 5+:2 max:21 total:1961  slips=0
Wrote artifacts/performance/2026-10-06_source-vfx/g0-q47.json
