Wrote artifacts/performance/2026-10-06_source-vfx/sz-q47.csv
Tick-HUD buckets: target=smash64ds-p2-fourcpu-tickhud-hwtri samples=1960 frames=2..1961 melonDS=1.0 sha=DE80E46BDCF1FD98 git=818d8af20ec+dirty(34) dldi=ON

bucket p50           p95           spread mean          min        max           %ALLp50
------ ---           ---           ------ ----          ---        ---           -------
ALL     1,116,864     1,677,056      1.50  1,167,763     1,112,320 12,932,800      100.0
FTR             0             0      0.00          0             0          0        0.0
STG             0             0      0.00          0             0          0        0.0
BG              0             0      0.00          0             0          0        0.0
AUD         4,480         9,664      2.16      5,461         2,560     31,616        0.4
HUD         8,960        24,064      2.69     10,798         8,064    462,528        0.8
SRC       401,280       610,944      1.52    411,672       143,424    995,008       35.9
MISC      404,608       555,968      1.37    418,293       148,224 11,935,424       36.2
OTHR      315,328       553,152      1.75    321,539        23,232    807,488       28.2
WAIT      293,440       528,960      1.80    299,967         2,944    787,776       26.3
WORK      845,952     1,177,408      1.39    864,046       326,016 12,598,144       75.7
SHDT      767,167     1,086,143      1.42    787,027       285,055 12,092,607       68.7
SWRM        1,280         1,344      1.05      1,255           832      3,200        0.1
GCRA      396,096       605,888      1.53    406,608       139,200    989,824       35.5
SCPU            0             0      0.00          0             0          0        0.0
SCAT            0             0      0.00          0             0          0        0.0
SPRM            0             0      0.00          0             0          0        0.0
SINT            0             0      0.00          0             0          0        0.0
SPHD            0             0      0.00          0             0          0        0.0
SPHC            0             0      0.00          0             0          0        0.0
MWPN            0             0      0.00          0             0          0        0.0
MITM            0             0      0.00          0             0          0        0.0
MEFX            0             0      0.00          0             0          0        0.0
MACT            0             0      0.00          0             0          0        0.0
MPRT            0             0      0.00          0             0          0        0.0
MTEX            0             0      0.00        580             0  1,051,328        0.0
MCAP            0             0      0.00          0             0          0        0.0
MPRO            0             0      0.00          0             0          0        0.0
MCAM      404,544       555,904      1.37    418,207       148,160 11,935,296       36.2
MFLS           64           128      2.00         85            64        128        0.0
GPOL          479           563      1.18        468            47        604        0.0
GVTX        1,076         1,326      1.23      1,067           157      1,414        0.1
DGSA   1,982,771,384 4,076,567,827   2.06 2,069,991,562  1,144,501 4,290,014,124 177,530.2
DGSB   1,945,106,396 4,046,197,795   2.08 2,047,100,960  1,419,697 4,294,662,282 174,157.9
WORK-H    836,608     1,165,568      1.39    853,249       317,568 12,135,616       74.9

named=846,224 (72.5% of ALL)  VBI 2:1812 3:139 4:9 5+:1 max:27 total:1961  slips=0
Wrote artifacts/performance/2026-10-06_source-vfx/sz-q47.json
