Wrote artifacts/performance/2026-10-06_lmul-arm/gate-q18.csv
Tick-HUD buckets: target=smash64ds-p2-fourcpu-tickhud-hwtri samples=1960 frames=2..1961 melonDS=1.0 sha=DE80E46BDCF1FD98 git=15620bc44b1+dirty(36) dldi=ON

bucket p50           p95           spread mean          min        max           %ALLp50
------ ---           ---           ------ ----          ---        ---           -------
ALL     1,116,864     1,118,272      1.00  1,142,642     1,111,296  4,658,304      100.0
FTR             0             0      0.00          0             0          0        0.0
STG             0             0      0.00          0             0          0        0.0
BG              0             0      0.00          0             0          0        0.0
AUD         4,864        10,048      2.07      5,543         2,304     25,728        0.4
HUD         9,088        23,872      2.63     11,761         7,808    756,416        0.8
SRC       349,568       545,024      1.56    360,978       131,392    992,384       31.3
MISC      399,616       541,184      1.35    405,469       173,888  3,310,912       35.8
OTHR      355,200       637,888      1.80    358,891        21,504    798,016       31.8
WAIT      334,272       614,336      1.84    338,000         2,496    778,432       29.9
WORK      790,016     1,077,312      1.36    800,901       335,296  4,323,712       70.7
SHDT      688,575       972,095      1.41    704,371       292,031  1,853,887       61.7
SWRM        1,344         1,408      1.05      1,351           832      3,328        0.1
GCRA      343,872       539,712      1.57    355,589       126,592    986,816       30.8
SCPU            0             0      0.00          0             0          0        0.0
SCAT            0             0      0.00          0             0          0        0.0
SPRM            0             0      0.00          0             0          0        0.0
SINT            0             0      0.00          0             0          0        0.0
SPHD            0             0      0.00          0             0          0        0.0
SPHC            0             0      0.00          0             0          0        0.0
MWPN            0             0      0.00          0             0          0        0.0
MITM            0             0      0.00          0             0          0        0.0
MEFX            0             0      0.00          0             0          0        0.0
MACT            0             0      0.00          0             0          0        0.0
MPRT            0             0      0.00          0             0          0        0.0
MTEX            0             0      0.00        373             0    653,440        0.0
MCAP            0             0      0.00          0             0          0        0.0
MPRO            0             0      0.00          0             0          0        0.0
MCAM      399,488       540,992      1.35    405,333       173,760  3,310,784       35.8
MFLS          128           192      1.50        136           128        640        0.0
GPOL          592           673      1.14        542            29        755        0.1
GVTX        1,419         1,596      1.12      1,315            96      1,750        0.1
DGSA   2,250,718,284 4,050,421,973        2,184,942,484  1,678,878 4,291,383,562 201,521.2
DGSB   2,254,346,240 4,035,342,474        2,215,590,844  2,771,092 4,285,088,836 201,846.1
WORK-H    779,264     1,067,328      1.37    789,140       325,952  3,567,296       69.8

named=783,751 (68.6% of ALL)  VBI 2:1877 3:82 4:1 5+:1 max:9 total:1961  slips=0
Wrote artifacts/performance/2026-10-06_lmul-arm/gate-q18.json
