Wrote artifacts/performance/2026-10-06_lmul-arm/yo-q18.csv
Tick-HUD buckets: target=smash64ds-p2-fourcpu-tickhud-hwtri samples=1960 frames=2..1961 melonDS=1.0 sha=DE80E46BDCF1FD98 git=15620bc44b1+dirty(36) dldi=ON

bucket p50           p95           spread mean          min        max           %ALLp50
------ ---           ---           ------ ----          ---        ---           -------
ALL     1,116,864     1,677,120      1.50  1,185,671     1,113,280  4,401,984      100.0
FTR             0             0      0.00          0             0          0        0.0
STG             0             0      0.00          0             0          0        0.0
BG              0             0      0.00          0             0          0        0.0
AUD         4,928         9,728      1.97      5,523         2,304     25,920        0.4
HUD         9,216        24,256      2.63     11,325         7,744    494,144        0.8
SRC       380,096       612,416      1.61    395,770       132,416  1,058,880       34.0
MISC      437,568       677,312      1.55    451,934       172,608  3,299,648       39.2
OTHR      304,576       600,256      1.97    321,120        22,400    798,592       27.3
WAIT      284,352       576,512      2.03    300,152         2,176    779,200       25.5
WORK      872,448     1,233,280      1.41    881,571       334,080  4,067,904       78.1
SHDT      770,111     1,129,407      1.47    785,600       292,735  2,326,783       69.0
SWRM        1,344         1,408      1.05      1,337           768      3,328        0.1
GCRA      374,848       607,040      1.62    390,386       127,744  1,048,704       33.6
SCPU            0             0      0.00          0             0          0        0.0
SCAT            0             0      0.00          0             0          0        0.0
SPRM            0             0      0.00          0             0          0        0.0
SINT            0             0      0.00          0             0          0        0.0
SPHD            0             0      0.00          0             0          0        0.0
SPHC            0             0      0.00          0             0          0        0.0
MWPN            0             0      0.00          0             0          0        0.0
MITM            0             0      0.00          0             0          0        0.0
MEFX            0             0      0.00          0             0          0        0.0
MACT            0             0      0.00          0             0          0        0.0
MPRT            0             0      0.00          0             0          0        0.0
MTEX            0             0      0.00        277             0    278,656        0.0
MCAP            0             0      0.00          0             0          0        0.0
MPRO            0             0      0.00          0             0          0        0.0
MCAM      437,440       677,184      1.55    451,798       172,480  3,299,520       39.2
MFLS          128           192      1.50        137           128        256        0.0
GPOL          536           611      1.14        487            57        663        0.0
GVTX        1,377         1,575      1.14      1,267           185      1,762        0.1
DGSA   2,119,280,374 4,084,045,404   1.93 2,146,328,221  5,064,253 4,294,579,349 189,752.8
DGSB   2,061,157,662 4,054,350,453   1.97 2,114,667,851    755,242 4,291,943,493 184,548.7
WORK-H    861,632     1,218,624      1.41    870,246       326,144  3,573,760       77.1

named=864,552 (72.9% of ALL)  VBI 2:1733 3:220 4:6 5+:2 max:8 total:1961  slips=0
Wrote artifacts/performance/2026-10-06_lmul-arm/yo-q18.json
