Wrote artifacts/performance/2026-10-06_lmul-arm/sz-q18.csv
Tick-HUD buckets: target=smash64ds-p2-fourcpu-tickhud-hwtri samples=1960 frames=2..1961 melonDS=1.0 sha=DE80E46BDCF1FD98 git=15620bc44b1+dirty(36) dldi=ON

bucket p50           p95           spread mean          min        max           %ALLp50
------ ---           ---           ------ ----          ---        ---           -------
ALL     1,116,864     1,677,056      1.50  1,174,737     1,112,576 17,145,664      100.0
FTR             0             0      0.00          0             0          0        0.0
STG             0             0      0.00          0             0          0        0.0
BG              0             0      0.00          0             0          0        0.0
AUD         4,352         9,600      2.21      5,278         2,304     25,216        0.4
HUD         8,896        24,192      2.72     10,978         7,872    735,552        0.8
SRC       424,256       606,848      1.43    431,290       151,296  1,009,408       38.0
MISC      405,504       567,488      1.40    423,272       148,672 15,865,856       36.3
OTHR      292,160       557,824      1.91    303,919        22,720    800,576       26.2
WAIT      271,232       533,824      1.97    282,586         2,240    781,120       24.3
WORK      869,504     1,177,792      1.35    888,498       332,480 16,808,320       77.9
SHDT      788,159     1,067,007      1.35    807,311       291,135 16,027,839       70.6
SWRM        1,344         1,408      1.05      1,323           896      3,392        0.1
GCRA      418,816       601,536      1.44    425,979       146,624  1,004,096       37.5
SCPU            0             0      0.00          0             0          0        0.0
SCAT            0             0      0.00          0             0          0        0.0
SPRM            0             0      0.00          0             0          0        0.0
SINT            0             0      0.00          0             0          0        0.0
SPHD            0             0      0.00          0             0          0        0.0
SPHC            0             0      0.00          0             0          0        0.0
MWPN            0             0      0.00          0             0          0        0.0
MITM            0             0      0.00          0             0          0        0.0
MEFX            0             0      0.00          0             0          0        0.0
MACT            0             0      0.00          0             0          0        0.0
MPRT            0             0      0.00          0             0          0        0.0
MTEX            0             0      0.00        579             0  1,050,368        0.0
MCAP            0             0      0.00          0             0          0        0.0
MPRO            0             0      0.00          0             0          0        0.0
MCAM      405,376       567,360      1.40    423,135       148,544 15,865,728       36.3
MFLS          128           192      1.50        136           128        448        0.0
GPOL          477           567      1.19        463            47        604        0.0
GVTX        1,073         1,334      1.24      1,060           157      1,446        0.1
DGSA   2,151,297,068 4,051,513,036        2,133,514,594    676,991 4,286,422,441 192,619.4
DGSB   2,119,168,438 4,104,172,124   1.94 2,135,049,252  2,524,074 4,280,928,178 189,742.7
WORK-H    859,968     1,165,760      1.36    877,520       324,096 16,072,768       77.0

named=870,818 (74.1% of ALL)  VBI 2:1798 3:151 4:10 5+:2 max:35 total:1961  slips=0
Wrote artifacts/performance/2026-10-06_lmul-arm/sz-q18.json
