Wrote artifacts/performance/2026-10-05_lean-texgen/yo-d1.csv
Tick-HUD buckets: target=smash64ds-p2-fourcpu-tickhud-hwtri samples=1960 frames=2..1961 melonDS=1.0 sha=DE80E46BDCF1FD98 git=527326370c5+dirty(38) dldi=ON

bucket p50           p95           spread mean          min        max           %ALLp50
------ ---           ---           ------ ----          ---        ---           -------
ALL     1,116,800     1,677,120      1.50  1,200,487     1,112,768  4,400,256      100.0
FTR             0             0      0.00          0             0          0        0.0
STG             0             0      0.00          0             0          0        0.0
BG              0             0      0.00          0             0          0        0.0
AUD         4,992         9,984      2.00      5,677         2,368     27,072        0.4
HUD         9,216        24,384      2.65     11,310         7,872    475,840        0.8
SRC       395,776       658,432      1.66    414,186       134,848  1,177,024       35.4
MISC      444,416       676,224      1.52    458,378       177,216  3,316,992       39.8
OTHR      292,096       582,912      2.00    310,936        22,016    791,680       26.2
WAIT      271,168       561,024      2.07    289,210         2,304    771,392       24.3
WORK      895,552     1,278,080      1.43    907,322       342,080  4,067,200       80.2
SHDT      791,679     1,170,687      1.48    810,770       299,711  2,327,551       70.9
SWRM        1,344         1,408      1.05      1,346           960      3,520        0.1
GCRA      390,336       646,528      1.66    408,744       130,304  1,171,584       35.0
SCPU            0             0      0.00          0             0          0        0.0
SCAT            0             0      0.00          0             0          0        0.0
SPRM            0             0      0.00          0             0          0        0.0
SINT            0             0      0.00          0             0          0        0.0
SPHD            0             0      0.00          0             0          0        0.0
SPHC            0             0      0.00          0             0          0        0.0
MWPN            0             0      0.00          0             0          0        0.0
MITM            0             0      0.00          0             0          0        0.0
MEFX            0             0      0.00          0             0          0        0.0
MACT            0             0      0.00          0             0          0        0.0
MPRT            0             0      0.00          0             0          0        0.0
MTEX            0             0      0.00        276             0    270,144        0.0
MCAP            0             0      0.00          0             0          0        0.0
MPRO            0             0      0.00          0             0          0        0.0
MCAM      444,288       676,096      1.52    458,249       177,088  3,316,864       39.8
MFLS          128           128      1.00        129            64        576        0.0
GPOL          536           611      1.14        487            57        663        0.0
GVTX        1,377         1,575      1.14      1,267           185      1,762        0.1
DGSA   2,083,884,863 4,124,661,661   1.98 2,111,491,949  5,064,253 4,294,579,349 186,594.3
DGSB   2,035,472,387 4,126,107,849   2.03 2,100,963,081    755,242 4,291,943,493 182,259.3
WORK-H    886,016     1,262,848      1.43    896,012       333,824  3,591,360       79.3

named=889,551 (74.1% of ALL)  VBI 2:1681 3:272 4:6 5+:2 max:8 total:1961  slips=0
Wrote artifacts/performance/2026-10-05_lean-texgen/yo-d1.json
