Wrote artifacts/performance/2026-10-05_lean-texgen/gate-t1.csv
Tick-HUD buckets: target=smash64ds-p2-fourcpu-tickhud-hwtri samples=1960 frames=2..1961 melonDS=1.0 sha=DE80E46BDCF1FD98 git=527326370c5+dirty(34) dldi=ON

bucket p50           p95           spread mean          min        max           %ALLp50
------ ---           ---           ------ ----          ---        ---           -------
ALL     1,116,736     1,676,416      1.50  1,152,590     1,110,464  4,834,880      100.0
FTR             0             0      0.00          0             0          0        0.0
STG             0             0      0.00          0             0          0        0.0
BG              0             0      0.00          0             0          0        0.0
AUD         4,480        10,240      2.29      5,551         2,368     27,392        0.4
HUD         9,024        24,256      2.69     11,181         7,744    864,384        0.8
SRC       370,432       568,384      1.53    379,044       134,400  1,094,976       33.2
MISC      409,600       560,320      1.37    418,210       176,256  3,371,456       36.7
OTHR      328,128       616,448      1.88    338,605        21,952    791,424       29.4
WAIT      306,048       591,936      1.93    316,391         2,368    771,520       27.4
WORK      824,576     1,129,664      1.37    832,331       341,952  4,502,272       73.8
SHDT      721,983     1,005,439      1.39    734,243       298,815  1,862,079       64.7
SWRM        1,280         1,344      1.05      1,258           832      3,264        0.1
GCRA      365,312       563,392      1.54    374,046       130,368  1,089,984       32.7
SCPU            0             0      0.00          0             0          0        0.0
SCAT            0             0      0.00          0             0          0        0.0
SPRM            0             0      0.00          0             0          0        0.0
SINT            0             0      0.00          0             0          0        0.0
SPHD            0             0      0.00          0             0          0        0.0
SPHC            0             0      0.00          0             0          0        0.0
MWPN            0             0      0.00          0             0          0        0.0
MITM            0             0      0.00          0             0          0        0.0
MEFX            0             0      0.00          0             0          0        0.0
MACT            0             0      0.00          0             0          0        0.0
MPRT            0             0      0.00          0             0          0        0.0
MTEX            0             0      0.00        358             0    644,480        0.0
MCAP            0             0      0.00          0             0          0        0.0
MPRO            0             0      0.00          0             0          0        0.0
MCAM      409,472       560,192      1.37    418,078       176,128  3,371,264       36.7
MFLS          128           192      1.50        132            64        256        0.0
GPOL          596           643      1.08        548            29        672        0.1
GVTX        1,439         1,569      1.09      1,341            96      1,652        0.1
DGSA   2,271,025,253 4,053,265,608        2,196,203,133    408,983 4,292,542,737 203,362.8
DGSB   2,239,784,444 4,085,716,662        2,181,657,936  1,230,618 4,292,739,132 200,565.3
WORK-H    814,144     1,115,328      1.37    821,150       333,760  3,637,888       72.9

named=813,986 (70.6% of ALL)  VBI 2:1847 3:106 4:7 5+:1 max:9 total:1961  slips=0
Wrote artifacts/performance/2026-10-05_lean-texgen/gate-t1.json
