Wrote artifacts/performance/2026-10-05_collision-window5/gate-u0.csv
Tick-HUD buckets: target=smash64ds-p2-fourcpu-tickhud-hwtri samples=1960 frames=2..1961 melonDS=1.0 sha=DE80E46BDCF1FD98 git=422facd3b0b+dirty(43) dldi=ON

bucket p50           p95           spread mean          min        max           %ALLp50
------ ---           ---           ------ ----          ---        ---           -------
ALL     1,116,800     1,676,608      1.50  1,153,050     1,110,912  5,310,336      100.0
FTR             0             0      0.00          0             0          0        0.0
STG             0             0      0.00          0             0          0        0.0
BG              0             0      0.00          0             0          0        0.0
AUD         4,416        10,368      2.35      5,530         2,432     27,584        0.4
HUD         9,088        24,000      2.64     11,207         7,936    837,312        0.8
SRC       368,064       568,192      1.54    377,253       133,632  1,310,784       33.0
MISC      404,224       555,456      1.37    413,607       176,448  3,300,416       36.2
OTHR      335,424       622,144      1.85    345,453        24,128  4,317,056       30.0
WAIT      312,640       596,736      1.91    320,888         2,688    771,392       28.0
WORK      815,744     1,121,600      1.37    828,284       342,080  5,209,280       73.0
SHDT            0             0      0.00          0             0          0        0.0
SWRM        1,344         1,472      1.10      1,371           960      3,456        0.1
GCRA      362,432       562,752      1.55    371,665       129,024  1,305,152       32.5
SCPU            0             0      0.00          0             0          0        0.0
SCAT            0             0      0.00          0             0          0        0.0
SPRM            0             0      0.00          0             0          0        0.0
SINT            0             0      0.00          0             0          0        0.0
SPHD            0             0      0.00          0             0          0        0.0
SPHC            0             0      0.00          0             0          0        0.0
MWPN            0             0      0.00          0             0          0        0.0
MITM            0             0      0.00          0             0          0        0.0
MEFX            0             0      0.00          0             0          0        0.0
MACT            0             0      0.00          0             0          0        0.0
MPRT            0             0      0.00          0             0          0        0.0
MTEX            0             0      0.00        358             0    645,056        0.0
MCAP            0             0      0.00          0             0          0        0.0
MPRO            0             0      0.00          0             0          0        0.0
MCAM      404,160       555,392      1.37    413,523       176,384  3,300,352       36.2
MFLS           64           128      2.00         84            64        128        0.0
GPOL          597           643      1.08        550            29        675        0.1
GVTX        1,439         1,569      1.09      1,346            96      1,657        0.1
DGSA   2,248,335,339 4,065,321,507        2,176,252,338    408,983 4,294,514,885 201,319.4
DGSB   2,239,784,444 4,083,387,236        2,189,176,867  1,230,618 4,293,852,712 200,553.8
WORK-H    805,952     1,105,344      1.37    817,078       332,416  5,199,488       72.2

named=807,597 (70.0% of ALL)  VBI 2:1854 3:98 4:8 5+:1 max:9 total:1961  slips=0
Wrote artifacts/performance/2026-10-05_collision-window5/gate-u0.json
