Wrote artifacts/performance/2026-10-05_more-routes/mr0-g7.csv
Tick-HUD buckets: target=smash64ds-p2-fourcpu-tickhud-hwtri samples=1960 frames=2..1961 melonDS=1.0 sha=DE80E46BDCF1FD98 git=7645c45e2da+dirty(31) dldi=ON

bucket p50           p95           spread mean          min        max           %ALLp50
------ ---           ---           ------ ----          ---        ---           -------
ALL     1,116,864     1,677,376      1.50  1,204,778     1,112,640 14,956,544      100.0
FTR             0             0      0.00          0             0          0        0.0
STG             0             0      0.00          0             0          0        0.0
BG              0             0      0.00          0             0          0        0.0
AUD         5,184        10,752      2.07      5,828         2,432     27,136        0.5
HUD         9,536        24,768      2.60     12,102         8,128    393,536        0.9
SRC       450,176       683,008      1.52    459,469       150,592  1,353,024       40.3
MISC      425,152       573,312      1.35    444,666       184,000 14,014,656       38.1
OTHR      258,944       568,256      2.19    282,713        25,792    767,424       23.2
WAIT      237,248       546,432      2.30    260,781         4,096    747,392       21.2
WORK      926,016     1,258,944      1.36    939,852       365,824 14,619,776       82.9
SHDT            0             0      0.00          0             0          0        0.0
SWRM        1,280         1,344      1.05      1,263           960      3,072        0.1
GCRA      444,736       677,696      1.52    454,084       146,176  1,347,840       39.8
SCPU            0             0      0.00          0             0          0        0.0
SCAT            0             0      0.00          0             0          0        0.0
SPRM            0             0      0.00          0             0          0        0.0
SINT            0             0      0.00          0             0          0        0.0
SPHD            0             0      0.00          0             0          0        0.0
SPHC            0             0      0.00          0             0          0        0.0
MWPN            0             0      0.00          0             0          0        0.0
MITM            0             0      0.00          0             0          0        0.0
MEFX            0             0      0.00          0             0          0        0.0
MACT            0             0      0.00          0             0          0        0.0
MPRT            0             0      0.00          0             0          0        0.0
MTEX            0             0      0.00        717             0  1,238,528        0.0
MCAP            0             0      0.00          0             0          0        0.0
MPRO            0             0      0.00          0             0          0        0.0
MCAM      425,024       573,184      1.35    444,526       183,872 14,014,528       38.1
MFLS          128           192      1.50        140            64        704        0.0
GPOL          534           599      1.12        518           107        637        0.0
GVTX        1,261         1,435      1.14      1,236           348      1,545        0.1
DGSA   2,210,163,411 4,177,770,340        2,172,861,237  1,496,193 4,293,538,848 197,890.1
DGSB   2,236,045,117 4,193,138,285        2,169,596,261  3,879,013 4,291,372,683 200,207.5
WORK-H    914,240     1,248,768      1.37    927,750       357,504 14,226,240       81.9

named=922,065 (76.5% of ALL)  VBI 2:1701 3:240 4:14 5+:6 max:31 total:1961  slips=0
Wrote artifacts/performance/2026-10-05_more-routes/mr0-g7.json
