Wrote artifacts/performance/2026-10-05_more-routes/gate-s1.csv
Tick-HUD buckets: target=smash64ds-p2-fourcpu-tickhud-hwtri samples=1960 frames=2..1961 melonDS=1.0 sha=DE80E46BDCF1FD98 git=7645c45e2da+dirty(33) dldi=ON

bucket p50           p95           spread mean          min        max           %ALLp50
------ ---           ---           ------ ----          ---        ---           -------
ALL     1,116,864     1,676,096      1.50  1,149,232     1,115,008  4,652,352      100.0
FTR             0             0      0.00          0             0          0        0.0
STG             0             0      0.00          0             0          0        0.0
BG              0             0      0.00          0             0          0        0.0
AUD         4,352        10,368      2.38      5,520         2,304     28,352        0.4
HUD         9,152        24,256      2.65     11,197         7,936    739,840        0.8
SRC       365,952       565,376      1.54    376,143       133,696  1,311,168       32.8
MISC      399,424       549,696      1.38    409,555       175,232  3,340,096       35.8
OTHR      339,712       623,232      1.83    346,817        26,944    793,536       30.4
WAIT      317,760       598,720      1.88    324,606         5,376    773,568       28.5
WORK      809,600     1,112,960      1.37    820,752       340,032  4,324,352       72.5
SHDT            0             0      0.00          0             0          0        0.0
SWRM        1,408         1,536      1.09      1,419           896      3,456        0.1
GCRA      360,256       559,744      1.55    370,505       129,088  1,305,728       32.3
SCPU            0             0      0.00          0             0          0        0.0
SCAT            0             0      0.00          0             0          0        0.0
SPRM            0             0      0.00          0             0          0        0.0
SINT            0             0      0.00          0             0          0        0.0
SPHD            0             0      0.00          0             0          0        0.0
SPHC            0             0      0.00          0             0          0        0.0
MWPN            0             0      0.00          0             0          0        0.0
MITM            0             0      0.00          0             0          0        0.0
MEFX            0             0      0.00          0             0          0        0.0
MACT            0             0      0.00          0             0          0        0.0
MPRT            0             0      0.00          0             0          0        0.0
MTEX            0             0      0.00        359             0    646,144        0.0
MCAP            0             0      0.00          0             0          0        0.0
MPRO            0             0      0.00          0             0          0        0.0
MCAM      399,296       549,568      1.38    409,419       175,104  3,339,968       35.8
MFLS          128           192      1.50        135           128        448        0.0
GPOL          597           643      1.08        550            29        675        0.1
GVTX        1,439         1,569      1.09      1,346            96      1,657        0.1
DGSA   2,248,335,339 4,065,321,507        2,176,252,338    408,983 4,294,514,885 201,307.9
DGSB   2,239,784,444 4,083,387,236        2,189,176,867  1,230,618 4,293,852,712 200,542.3
WORK-H    799,872     1,096,384      1.37    809,555       331,008  3,584,512       71.6

named=802,415 (69.8% of ALL)  VBI 2:1860 3:92 4:8 5+:1 max:9 total:1961  slips=0
Wrote artifacts/performance/2026-10-05_more-routes/gate-s1.json
