Wrote artifacts/performance/2026-10-05_more-routes/mk1-g8.csv
Tick-HUD buckets: target=smash64ds-p2-fourcpu-tickhud-hwtri samples=1960 frames=2..1961 melonDS=1.0 sha=DE80E46BDCF1FD98 git=f1d5eb31589+dirty(31) dldi=ON

bucket p50           p95           spread mean          min        max           %ALLp50
------ ---           ---           ------ ----          ---        ---           -------
ALL     1,116,928     1,677,248      1.50  1,178,994     1,112,000 11,968,896      100.0
FTR             0             0      0.00          0             0          0        0.0
STG             0             0      0.00          0             0          0        0.0
BG              0             0      0.00          0             0          0        0.0
AUD         4,608        10,560      2.29      5,638         2,368     29,696        0.4
HUD         9,664        24,512      2.54     11,951         8,512    364,800        0.9
SRC       433,280       634,944      1.47    439,771       144,640  1,108,416       38.8
MISC      432,448       555,200      1.28    450,647       215,680 11,065,280       38.7
OTHR      252,736       558,784      2.21    270,988        21,888    742,336       22.6
WAIT      231,424       536,320      2.32    249,491         2,368    722,240       20.7
WORK      911,104     1,195,776      1.31    924,974       391,040 11,631,808       81.6
SHDT            0             0      0.00          0             0          0        0.0
SWRM        1,344         1,408      1.05      1,333           960      3,264        0.1
GCRA      427,840       629,760      1.47    434,401       139,776  1,099,072       38.3
SCPU            0             0      0.00          0             0          0        0.0
SCAT            0             0      0.00          0             0          0        0.0
SPRM            0             0      0.00          0             0          0        0.0
SINT            0             0      0.00          0             0          0        0.0
SPHD            0             0      0.00          0             0          0        0.0
SPHC            0             0      0.00          0             0          0        0.0
MWPN            0             0      0.00          0             0          0        0.0
MITM            0             0      0.00          0             0          0        0.0
MEFX            0             0      0.00          0             0          0        0.0
MACT            0             0      0.00          0             0          0        0.0
MPRT            0             0      0.00          0             0          0        0.0
MTEX            0             0      0.00        657             0  1,170,368        0.0
MCAP            0             0      0.00          0             0          0        0.0
MPRO            0             0      0.00          0             0          0        0.0
MCAM      432,320       555,072      1.28    450,507       215,552 11,065,152       38.7
MFLS          128           192      1.50        140            64        448        0.0
GPOL          493           583      1.18        457           108        644        0.0
GVTX        1,143         1,386      1.21      1,088           352      1,559        0.1
DGSA   2,214,262,814 4,066,907,822        2,157,585,562  5,032,625 4,290,499,904 198,245.8
DGSB   2,165,373,534 4,060,433,163        2,149,789,526  4,659,048 4,294,932,140 193,868.7
WORK-H    899,968     1,179,584      1.31    913,023       382,400 11,267,008       80.6

named=908,007 (77.0% of ALL)  VBI 2:1777 3:168 4:14 5+:2 max:26 total:1961  slips=0
Wrote artifacts/performance/2026-10-05_more-routes/mk1-g8.json
