Wrote artifacts/performance/2026-10-05_collision-window2/c0-g5.csv
Tick-HUD buckets: target=smash64ds-p2-fourcpu-tickhud-hwtri samples=1960 frames=2..1961 melonDS=1.0 sha=DE80E46BDCF1FD98 git=422facd3b0b+dirty(33) dldi=ON

bucket p50           p95           spread mean          min        max           %ALLp50
------ ---           ---           ------ ----          ---        ---           -------
ALL     1,116,800     1,677,312      1.50  1,205,787     1,111,488  8,736,640      100.0
FTR             0             0      0.00          0             0          0        0.0
STG             0             0      0.00          0             0          0        0.0
BG              0             0      0.00          0             0          0        0.0
AUD         4,608        10,880      2.36      5,789         2,368     22,464        0.4
HUD         9,088        23,808      2.62     11,710         7,872    731,904        0.8
SRC       435,968       643,328      1.48    446,277       167,168  1,346,624       39.0
MISC      450,752       610,112      1.35    470,861       235,840  7,436,160       40.4
OTHR      246,336       560,960      2.28    271,150        22,528    700,480       22.1
WAIT      224,640       539,008      2.40    249,183         2,304    680,320       20.1
WORK      929,536     1,256,896      1.35    952,685       433,152  8,399,424       83.2
SHDT      823,807     1,141,311      1.39    856,663       389,887  7,623,167       73.8
SWRM        1,344         1,408      1.05      1,349           896      3,392        0.1
GCRA      430,528       636,992      1.48    440,758       162,560  1,341,248       38.6
SCPU            0             0      0.00          0             0          0        0.0
SCAT            0             0      0.00          0             0          0        0.0
SPRM            0             0      0.00          0             0          0        0.0
SINT            0             0      0.00          0             0          0        0.0
SPHD            0             0      0.00          0             0          0        0.0
SPHC            0             0      0.00          0             0          0        0.0
MWPN            0             0      0.00          0             0          0        0.0
MITM            0             0      0.00          0             0          0        0.0
MEFX            0             0      0.00          0             0          0        0.0
MACT            0             0      0.00          0             0          0        0.0
MPRT            0             0      0.00          0             0          0        0.0
MTEX            0             0      0.00        547             0    985,024        0.0
MCAP            0             0      0.00          0             0          0        0.0
MPRO            0             0      0.00          0             0          0        0.0
MCAM      450,624       609,984      1.35    470,727       235,712  7,436,032       40.3
MFLS          128           192      1.50        134           128        256        0.0
GPOL          534           602      1.13        515           116        652        0.0
GVTX        1,249         1,428      1.14      1,220           351      1,631        0.1
DGSA   2,216,622,636 4,088,913,632        2,177,922,654    268,149 4,294,787,496 198,479.8
DGSB   2,319,073,349 4,073,558,838        2,230,935,651  3,133,812 4,292,624,795 207,653.4
WORK-H    918,016     1,239,296      1.35    940,975       424,000  7,667,520       82.2

named=934,637 (77.5% of ALL)  VBI 2:1674 3:275 4:10 5+:2 max:20 total:1961  slips=0
Wrote artifacts/performance/2026-10-05_collision-window2/c0-g5.json
