Wrote artifacts/performance/2026-10-05_collision-window2/c1-g6.csv
Tick-HUD buckets: target=smash64ds-p2-fourcpu-tickhud-hwtri samples=1960 frames=2..1961 melonDS=1.0 sha=DE80E46BDCF1FD98 git=422facd3b0b+dirty(33) dldi=ON

bucket p50           p95           spread mean          min        max           %ALLp50
------ ---           ---           ------ ----          ---        ---           -------
ALL     1,116,736     1,676,672      1.50  1,153,187     1,111,936  4,792,704      100.0
FTR             0             0      0.00          0             0          0        0.0
STG             0             0      0.00          0             0          0        0.0
BG              0             0      0.00          0             0          0        0.0
AUD         4,480        10,496      2.34      5,677         2,368     28,224        0.4
HUD         9,216        24,128      2.62     11,318         7,936    868,160        0.8
SRC       368,576       573,824      1.56    378,632       134,464  1,362,240       33.0
MISC      406,144       558,272      1.37    415,667       177,984  3,325,504       36.4
OTHR      333,440       616,960      1.85    341,892        23,040    790,656       29.9
WAIT      310,976       592,128      1.90    319,653         3,008    770,688       27.8
WORK      817,984     1,129,984      1.38    829,562       342,656  4,461,312       73.2
SHDT      715,391       996,671      1.39    731,153       299,391  1,869,631       64.1
SWRM        1,344         1,472      1.10      1,378           960      3,392        0.1
GCRA      363,072       566,720      1.56    373,101       129,792  1,356,544       32.5
SCPU            0             0      0.00          0             0          0        0.0
SCAT            0             0      0.00          0             0          0        0.0
SPRM            0             0      0.00          0             0          0        0.0
SINT            0             0      0.00          0             0          0        0.0
SPHD            0             0      0.00          0             0          0        0.0
SPHC            0             0      0.00          0             0          0        0.0
MWPN            0             0      0.00          0             0          0        0.0
MITM            0             0      0.00          0             0          0        0.0
MEFX            0             0      0.00          0             0          0        0.0
MACT            0             0      0.00          0             0          0        0.0
MPRT            0             0      0.00          0             0          0        0.0
MTEX            0             0      0.00        353             0    634,944        0.0
MCAP            0             0      0.00          0             0          0        0.0
MPRO            0             0      0.00          0             0          0        0.0
MCAM      406,016       558,144      1.37    415,532       177,856  3,325,376       36.4
MFLS          128           192      1.50        135           128        192        0.0
GPOL          597           643      1.08        550            29        675        0.1
GVTX        1,439         1,569      1.09      1,346            96      1,657        0.1
DGSA   2,248,335,339 4,065,321,507        2,176,252,338    408,983 4,294,514,885 201,331.0
DGSB   2,239,784,444 4,083,387,236        2,189,176,867  1,230,618 4,293,852,712 200,565.3
WORK-H    807,808     1,116,352      1.38    818,244       332,992  3,593,152       72.3

named=811,294 (70.4% of ALL)  VBI 2:1846 3:106 4:8 5+:1 max:9 total:1961  slips=0
Wrote artifacts/performance/2026-10-05_collision-window2/c1-g6.json
