Wrote artifacts/performance/2026-10-04_painter-trans/gate-pt1.csv
Tick-HUD buckets: target=smash64ds-p2-fourcpu-tickhud-hwtri samples=1960 frames=2..1961 melonDS=1.0 sha=DE80E46BDCF1FD98 git=9c5d9a9223b+dirty(18) dldi=ON

bucket p50           p95           spread mean          min        max           %ALLp50
------ ---           ---           ------ ----          ---        ---           -------
ALL     1,116,800     1,677,056      1.50  1,187,494     1,112,704  4,706,624      100.0
FTR             0             0      0.00          0             0          0        0.0
STG             0             0      0.00          0             0          0        0.0
BG              0             0      0.00          0             0          0        0.0
AUD         4,544        10,496      2.31      5,652         2,432     27,584        0.4
HUD         9,408        24,768      2.63     11,530         8,192    754,752        0.8
SRC       392,960       612,608      1.56    405,408       148,608  1,406,400       35.2
MISC      446,400       620,672      1.39    456,568       197,120  3,337,536       40.0
OTHR      288,128       584,384      2.03    308,336        23,360    757,888       25.8
WAIT      265,088       560,960      2.12    285,481         1,984    736,832       23.7
WORK      884,096     1,222,592      1.38    898,032       376,768  4,371,648       79.2
SHDT            0             0      0.00          0             0          0        0.0
SWRM        1,472         1,536      1.04      1,457           832      3,776        0.1
GCRA      387,456       607,296      1.57    399,913       144,384  1,401,088       34.7
SCPU            0             0      0.00          0             0          0        0.0
SCAT            0             0      0.00          0             0          0        0.0
SPRM            0             0      0.00          0             0          0        0.0
SINT            0             0      0.00          0             0          0        0.0
SPHD            0             0      0.00          0             0          0        0.0
SPHC            0             0      0.00          0             0          0        0.0
MWPN            0             0      0.00          0             0          0        0.0
MITM            0             0      0.00          0             0          0        0.0
MEFX            0             0      0.00          0             0          0        0.0
MACT            0             0      0.00          0             0          0        0.0
MPRT            0             0      0.00          0             0          0        0.0
MTEX            0             0      0.00        758             0  1,399,040        0.0
MCAP            0             0      0.00          0             0          0        0.0
MPRO            0             0      0.00          0             0          0        0.0
MCAM      446,272       620,480      1.39    456,449       196,992  3,337,472       40.0
MFLS          128           128      1.00        119            64        256        0.0
GPOL          597           643      1.08        551            29        675        0.1
GVTX        1,439         1,569      1.09      1,346            96      1,660        0.1
DGSA   2,221,927,571 4,052,476,767        2,144,070,467    408,983 4,294,514,885 198,954.8
DGSB   2,229,679,774 4,052,096,565        2,163,259,781    888,730 4,293,852,712 199,649.0
WORK-H    873,472     1,207,872      1.38    886,502       368,192  3,616,896       78.2

named=879,158 (74.0% of ALL)  VBI 2:1732 3:214 4:14 5+:1 max:9 total:1961  slips=0
Wrote artifacts/performance/2026-10-04_painter-trans/gate-pt1.json
