Wrote artifacts/performance/2026-10-04_stage-layers/gate-m8.csv
Tick-HUD buckets: target=smash64ds-p2-fourcpu-tickhud-hwtri samples=1960 frames=2..1961 melonDS=1.0 sha=DE80E46BDCF1FD98 git=8be7015bb0b+dirty(15) dldi=ON

bucket p50           p95           spread    mean          min        max           %ALLp50
------ ---           ---           ------    ----          ---        ---           -------
ALL     1,116,928     1,677,184      1.50     1,187,807     1,111,808  4,554,880      100.0
FTR       136,512       215,872      1.58       144,720         9,664    998,528       12.2
STG       144,384       151,296      1.05       146,084       137,664  1,662,336       12.9
BG              0             0      0.00             0             0          0        0.0
AUD         4,544        10,688      2.35         5,737         2,368     26,496        0.4
HUD        18,560        28,096      1.51        17,241         8,064    538,240        1.7
SRC       391,616       609,216      1.56       403,698       147,904  1,343,616       35.1
MISC      152,704       290,112      1.90       163,107        53,376  1,728,768       13.7
OTHR      286,464       582,400      2.03       307,220        22,144    755,648       25.6
WAIT      263,360       558,464      2.12       284,326         1,792    733,504       23.6
WORK      889,920     1,225,408      1.38       903,481       383,424  4,227,584       79.7
SHDT            0             0      0.00             0             0          0        0.0
SWRM        1,408         1,472      1.05         1,430           960      3,520        0.1
GCRA      386,304       603,648      1.56       398,331       143,616  1,338,304       34.6
SCPU            0             0      0.00             0             0          0        0.0
SCAT            0             0      0.00             0             0          0        0.0
SPRM            0             0      0.00             0             0          0        0.0
SINT            0             0      0.00             0             0          0        0.0
SPHD            0             0      0.00             0             0          0        0.0
SPHC            0             0      0.00             0             0          0        0.0
MWPN            0        28,672    28,672.00      7,984             0    200,448        0.0
MITM       40,640        65,088      1.60        28,371             0    160,256        3.6
MEFX            0        76,096    76,096.00     11,945             0    325,760        0.0
MACT            0             0      0.00             0             0          0        0.0
MPRT       36,608        72,320      1.98        39,198        11,328    250,816        3.3
MTEX            0             0      0.00           754             0  1,392,000        0.0
MCAP            0             0      0.00             0             0          0        0.0
MPRO            0             0      0.00             0             0          0        0.0
MCAM       61,504       132,736      2.16        75,496        41,792  1,716,608        5.5
MFLS          128           128      1.00           112            64        192        0.0
GPOL          577           622      1.08           533            29        665        0.1
GVTX        1,375         1,501      1.09         1,287            96      1,624        0.1
DGSA   2,221,927,571 4,052,476,767           2,144,070,467    408,983 4,294,514,885 198,932.0
DGSB   2,229,679,774 4,052,096,565           2,163,259,781    888,730 4,293,852,712 199,626.1
WORK-H    872,320     1,208,960      1.39       886,240       375,232  3,689,344       78.1

named=880,587 (74.1% of ALL)  VBI 2:1730 3:217 4:13 5+:1 max:9 total:1961  slips=0
Wrote artifacts/performance/2026-10-04_stage-layers/gate-m8.json
