Wrote artifacts/performance/2026-10-04_stage-layers/gate-m4.csv
Tick-HUD buckets: target=smash64ds-p2-fourcpu-tickhud-hwtri samples=1960 frames=2..1961 melonDS=1.0 sha=DE80E46BDCF1FD98 git=8be7015bb0b+dirty(15) dldi=ON

bucket p50           p95           spread    mean          min        max           %ALLp50
------ ---           ---           ------    ----          ---        ---           -------
ALL     1,116,928     1,677,120      1.50     1,188,082     1,112,384  4,536,000      100.0
FTR       136,512       215,744      1.58       144,756         9,600    999,168       12.2
STG       143,616       150,528      1.05       145,567       137,920  1,662,272       12.9
BG              0             0      0.00             0             0          0        0.0
AUD         4,544        10,752      2.37         5,728         2,432     26,816        0.4
HUD        18,624        28,032      1.51        17,233         8,000    519,040        1.7
SRC       391,552       609,984      1.56       403,718       148,096  1,352,704       35.1
MISC      152,512       290,176      1.90       162,957        52,864  1,727,616       13.7
OTHR      287,296       582,592      2.03       308,123        24,640    755,200       25.7
WAIT      264,448       559,104      2.11       285,232         2,752    732,928       23.7
WORK      889,664     1,225,344      1.38       902,850       384,128  4,206,336       79.7
SHDT            0             0      0.00             0             0          0        0.0
SWRM        1,408         1,472      1.05         1,427           960      3,648        0.1
GCRA      386,304       604,800      1.57       398,353       143,744  1,347,392       34.6
SCPU            0             0      0.00             0             0          0        0.0
SCAT            0             0      0.00             0             0          0        0.0
SPRM            0             0      0.00             0             0          0        0.0
SINT            0             0      0.00             0             0          0        0.0
SPHD            0             0      0.00             0             0          0        0.0
SPHC            0             0      0.00             0             0          0        0.0
MWPN            0        28,480    28,480.00      7,946             0    200,768        0.0
MITM       40,704        64,384      1.58        28,379             0    160,192        3.6
MEFX            0        76,160    76,160.00     11,947             0    333,760        0.0
MACT            0             0      0.00             0             0          0        0.0
MPRT       36,608        72,512      1.98        39,176        10,752    252,096        3.3
MTEX            0             0      0.00           758             0  1,399,616        0.0
MCAP            0             0      0.00             0             0          0        0.0
MPRO            0             0      0.00             0             0          0        0.0
MCAM       61,440       132,480      2.16        75,397        41,536  1,715,456        5.5
MFLS          128           128      1.00           112            64        192        0.0
GPOL          580           626      1.08           535            29        659        0.1
GVTX        1,387         1,515      1.09         1,297            96      1,608        0.1
DGSA   2,221,927,571 4,052,476,767           2,144,070,467    408,983 4,294,514,885 198,932.0
DGSB   2,229,679,774 4,052,096,565           2,163,259,781    888,730 4,293,852,712 199,626.1
WORK-H    871,744     1,206,208      1.38       885,617       374,912  3,687,296       78.0

named=879,959 (74.1% of ALL)  VBI 2:1730 3:216 4:14 5+:1 max:9 total:1961  slips=0
Wrote artifacts/performance/2026-10-04_stage-layers/gate-m4.json
