Wrote artifacts/performance/2026-10-04_stage-layers/gate-m1.csv
Tick-HUD buckets: target=smash64ds-p2-fourcpu-tickhud-hwtri samples=1960 frames=2..1961 melonDS=1.0 sha=DE80E46BDCF1FD98 git=8be7015bb0b+dirty(15) dldi=ON

bucket p50           p95           spread    mean          min        max           %ALLp50
------ ---           ---           ------    ----          ---        ---           -------
ALL     1,116,928     1,677,184      1.50     1,182,091     1,112,960  4,554,880      100.0
FTR       136,832       215,744      1.58       144,870         9,600  1,000,192       12.3
STG       130,432       137,152      1.05       132,137       123,584  1,662,336       11.7
BG              0             0      0.00             0             0          0        0.0
AUD         4,608        10,624      2.31         5,753         2,368     28,224        0.4
HUD        18,560        28,096      1.51        17,243         8,128    538,240        1.7
SRC       391,616       609,536      1.56       403,637       147,904  1,352,704       35.1
MISC      152,064       288,768      1.90       162,788        53,120  1,728,768       13.6
OTHR      297,536       595,520      2.00       315,663        25,344    769,408       26.6
WAIT      274,368       570,304      2.08       292,769         2,944    748,224       24.6
WORK      875,520     1,211,136      1.38       889,323       368,704  4,227,584       78.4
SHDT            0             0      0.00             0             0          0        0.0
SWRM        1,408         1,472      1.05         1,431           960      3,392        0.1
GCRA      386,112       603,008      1.56       398,260       143,552  1,347,328       34.6
SCPU            0             0      0.00             0             0          0        0.0
SCAT            0             0      0.00             0             0          0        0.0
SPRM            0             0      0.00             0             0          0        0.0
SINT            0             0      0.00             0             0          0        0.0
SPHD            0             0      0.00             0             0          0        0.0
SPHC            0             0      0.00             0             0          0        0.0
MWPN            0        28,672    28,672.00      7,997             0    202,752        0.0
MITM       40,640        64,320      1.58        28,365             0    160,384        3.6
MEFX            0        76,096    76,096.00     11,951             0    333,120        0.0
MACT            0             0      0.00             0             0          0        0.0
MPRT       36,672        72,768      1.98        39,210        11,200    253,056        3.3
MTEX            0             0      0.00           754             0  1,392,000        0.0
MCAP            0             0      0.00             0             0          0        0.0
MPRO            0             0      0.00             0             0          0        0.0
MCAM       61,248       132,928      2.17        75,153        41,728  1,716,608        5.5
MFLS          128           128      1.00           112            64        192        0.0
GPOL          552           598      1.08           507            20        628        0.0
GVTX        1,293         1,422      1.10         1,208            61      1,511        0.1
DGSA   2,221,927,571 4,052,476,767           2,144,070,467    408,983 4,294,514,885 198,932.0
DGSB   2,229,679,774 4,052,096,565           2,163,259,781    888,730 4,293,852,712 199,626.1
WORK-H    858,496     1,194,816      1.39       872,079       360,256  3,689,344       76.9

named=866,428 (73.3% of ALL)  VBI 2:1750 3:197 4:13 5+:1 max:9 total:1961  slips=0
Wrote artifacts/performance/2026-10-04_stage-layers/gate-m1.json
