Wrote artifacts/performance/2026-10-06_ab-cleanup/yo-q16.csv
Tick-HUD buckets: target=smash64ds-p2-fourcpu-tickhud-hwtri samples=1960 frames=2..1961 melonDS=1.0 sha=DE80E46BDCF1FD98 git=764bd89bf79+dirty(39) dldi=ON

bucket p50           p95           spread mean          min        max           %ALLp50
------ ---           ---           ------ ----          ---        ---           -------
ALL     1,116,736     1,677,056      1.50  1,187,163     1,112,256  4,702,848      100.0
FTR             0             0      0.00          0             0          0        0.0
STG             0             0      0.00          0             0          0        0.0
BG              0             0      0.00          0             0          0        0.0
AUD         4,928         9,920      2.01      5,577         2,240     27,008        0.4
HUD         9,152        24,256      2.65     11,413         7,744    725,248        0.8
SRC       383,296       615,040      1.60    397,987       133,888  1,059,968       34.3
MISC      440,128       674,368      1.53    454,413       175,808  3,363,840       39.4
OTHR      301,120       597,312      1.98    317,773        22,272    794,816       27.0
WAIT      281,088       573,376      2.04    296,654         2,240    775,616       25.2
WORK      876,928     1,233,472      1.41    886,530       337,856  4,368,576       78.5
SHDT      775,679     1,135,487      1.46    791,294       295,679  2,330,111       69.5
SWRM        1,344         1,472      1.10      1,370           896      3,584        0.1
GCRA      378,048       609,856      1.61    392,704       129,344  1,049,856       33.9
SCPU            0             0      0.00          0             0          0        0.0
SCAT            0             0      0.00          0             0          0        0.0
SPRM            0             0      0.00          0             0          0        0.0
SINT            0             0      0.00          0             0          0        0.0
SPHD            0             0      0.00          0             0          0        0.0
SPHC            0             0      0.00          0             0          0        0.0
MWPN            0             0      0.00          0             0          0        0.0
MITM            0             0      0.00          0             0          0        0.0
MEFX            0             0      0.00          0             0          0        0.0
MACT            0             0      0.00          0             0          0        0.0
MPRT            0             0      0.00          0             0          0        0.0
MTEX            0             0      0.00        276             0    275,392        0.0
MCAP            0             0      0.00          0             0          0        0.0
MPRO            0             0      0.00          0             0          0        0.0
MCAM      440,000       674,240      1.53    454,276       175,680  3,363,712       39.4
MFLS          128           192      1.50        137           128        192        0.0
GPOL          536           611      1.14        487            57        663        0.0
GVTX        1,377         1,575      1.14      1,267           185      1,762        0.1
DGSA   2,119,280,374 4,084,045,404   1.93 2,146,328,221  5,064,253 4,294,579,349 189,774.5
DGSB   2,061,157,662 4,054,350,453   1.97 2,114,667,851    755,242 4,291,943,493 184,569.8
WORK-H    866,304     1,218,432      1.41    875,117       329,728  3,643,328       77.6

named=869,390 (73.2% of ALL)  VBI 2:1727 3:227 4:5 5+:2 max:9 total:1961  slips=0
Wrote artifacts/performance/2026-10-06_ab-cleanup/yo-q16.json
