Wrote artifacts/performance/2026-10-06_ab-cleanup/sz-q16.csv
Tick-HUD buckets: target=smash64ds-p2-fourcpu-tickhud-hwtri samples=1960 frames=2..1961 melonDS=1.0 sha=DE80E46BDCF1FD98 git=764bd89bf79+dirty(39) dldi=ON

bucket p50           p95           spread mean          min        max           %ALLp50
------ ---           ---           ------ ----          ---        ---           -------
ALL     1,116,736     1,676,992      1.50  1,177,869     1,114,432 17,305,024      100.0
FTR             0             0      0.00          0             0          0        0.0
STG             0             0      0.00          0             0          0        0.0
BG              0             0      0.00          0             0          0        0.0
AUD         4,288         9,728      2.27      5,319         2,304     24,704        0.4
HUD         8,896        24,256      2.73     11,036         7,872    848,576        0.8
SRC       429,120       609,792      1.42    435,366       152,448  1,013,632       38.4
MISC      407,296       570,304      1.40    425,568       149,760 15,911,296       36.5
OTHR      288,256       561,984      1.95    300,580        22,912    798,272       25.8
WAIT      266,880       539,008      2.02    279,117         2,240    779,328       23.9
WORK      877,184     1,184,512      1.35    895,045       334,080 16,966,912       78.5
SHDT      794,879     1,080,895      1.36    814,120       292,287 16,073,727       71.2
SWRM        1,344         1,472      1.10      1,367           896      3,328        0.1
GCRA      423,808       604,800      1.43    430,142       148,096  1,008,384       38.0
SCPU            0             0      0.00          0             0          0        0.0
SCAT            0             0      0.00          0             0          0        0.0
SPRM            0             0      0.00          0             0          0        0.0
SINT            0             0      0.00          0             0          0        0.0
SPHD            0             0      0.00          0             0          0        0.0
SPHC            0             0      0.00          0             0          0        0.0
MWPN            0             0      0.00          0             0          0        0.0
MITM            0             0      0.00          0             0          0        0.0
MEFX            0             0      0.00          0             0          0        0.0
MACT            0             0      0.00          0             0          0        0.0
MPRT            0             0      0.00          0             0          0        0.0
MTEX            0             0      0.00        574             0  1,041,536        0.0
MCAP            0             0      0.00          0             0          0        0.0
MPRO            0             0      0.00          0             0          0        0.0
MCAM      407,168       570,176      1.40    425,430       149,632 15,911,104       36.5
MFLS          128           192      1.50        137           128        512        0.0
GPOL          477           567      1.19        463            47        604        0.0
GVTX        1,073         1,334      1.24      1,060           157      1,442        0.1
DGSA   2,151,297,068 4,051,513,036        2,133,514,594    676,991 4,286,422,441 192,641.5
DGSB   2,119,168,438 4,104,172,124   1.94 2,135,049,252  2,524,074 4,280,928,178 189,764.5
WORK-H    866,368     1,171,968      1.35    884,009       325,952 16,118,336       77.6

named=877,289 (74.5% of ALL)  VBI 2:1787 3:162 4:10 5+:2 max:35 total:1961  slips=0
Wrote artifacts/performance/2026-10-06_ab-cleanup/sz-q16.json
