Wrote artifacts/performance/2026-10-06_ab-cleanup/yo-q14.csv
Tick-HUD buckets: target=smash64ds-p2-fourcpu-tickhud-hwtri samples=1960 frames=2..1961 melonDS=1.0 sha=DE80E46BDCF1FD98 git=38bc191f678+dirty(44) dldi=ON

bucket p50           p95           spread mean          min        max           %ALLp50
------ ---           ---           ------ ----          ---        ---           -------
ALL     1,116,608     1,676,864      1.50  1,190,520     1,111,296  4,335,744      100.0
FTR             0             0      0.00          0             0          0        0.0
STG             0             0      0.00          0             0          0        0.0
BG              0             0      0.00          0             0          0        0.0
AUD         4,928         9,728      1.97      5,492         2,240     26,304        0.4
HUD         9,088        24,128      2.65     11,235         7,680    429,632        0.8
SRC       384,832       619,200      1.61    399,640       133,184  1,068,928       34.5
MISC      441,792       679,680      1.54    455,824       175,104  3,290,880       39.6
OTHR      300,288       597,248      1.99    318,328        22,272    796,352       26.9
WAIT      279,808       573,248      2.05    297,236         2,432    777,088       25.1
WORK      879,424     1,244,160      1.41    889,341       336,384  3,999,488       78.8
SHDT      776,511     1,135,423      1.46    792,836       294,719  2,327,359       69.5
SWRM        1,216         1,280      1.05      1,202           768      3,264        0.1
GCRA      379,584       614,016      1.62    394,399       128,768  1,058,752       34.0
SCPU            0             0      0.00          0             0          0        0.0
SCAT            0             0      0.00          0             0          0        0.0
SPRM            0             0      0.00          0             0          0        0.0
SINT            0             0      0.00          0             0          0        0.0
SPHD            0             0      0.00          0             0          0        0.0
SPHC            0             0      0.00          0             0          0        0.0
MWPN            0             0      0.00          0             0          0        0.0
MITM            0             0      0.00          0             0          0        0.0
MEFX            0             0      0.00          0             0          0        0.0
MACT            0             0      0.00          0             0          0        0.0
MPRT            0             0      0.00          0             0          0        0.0
MTEX            0             0      0.00        275             0    275,904        0.0
MCAP            0             0      0.00          0             0          0        0.0
MPRO            0             0      0.00          0             0          0        0.0
MCAM      441,664       679,616      1.54    455,710       174,976  3,290,752       39.6
MFLS          128           128      1.00        114            64        192        0.0
GPOL          536           611      1.14        487            57        663        0.0
GVTX        1,377         1,575      1.14      1,267           185      1,762        0.1
DGSA   2,119,280,374 4,084,045,404   1.93 2,146,328,221  5,064,253 4,294,579,349 189,796.3
DGSB   2,061,157,662 4,054,350,453   1.97 2,114,667,851    755,242 4,291,943,493 184,591.0
WORK-H    869,440     1,229,248      1.41    878,106       328,448  3,569,856       77.9

named=872,191 (73.3% of ALL)  VBI 2:1715 3:238 4:6 5+:2 max:8 total:1961  slips=0
Wrote artifacts/performance/2026-10-06_ab-cleanup/yo-q14.json
