Wrote artifacts/performance/2026-10-06_ab-cleanup/gate-q16.csv
Tick-HUD buckets: target=smash64ds-p2-fourcpu-tickhud-hwtri samples=1960 frames=2..1961 melonDS=1.0 sha=DE80E46BDCF1FD98 git=764bd89bf79+dirty(39) dldi=ON

bucket p50           p95           spread mean          min        max           %ALLp50
------ ---           ---           ------ ----          ---        ---           -------
ALL     1,116,736     1,118,208      1.00  1,142,610     1,112,128  4,802,560      100.0
FTR             0             0      0.00          0             0          0        0.0
STG             0             0      0.00          0             0          0        0.0
BG              0             0      0.00          0             0          0        0.0
AUD         4,864        10,176      2.09      5,594         2,304     24,256        0.4
HUD         9,024        24,000      2.66     11,787         7,808    843,200        0.8
SRC       351,744       547,648      1.56    363,135       132,224    995,136       31.5
MISC      402,560       544,768      1.35    408,037       175,872  3,365,248       36.0
OTHR      350,336       634,240      1.81    354,057        21,760    795,264       31.4
WAIT      329,280       610,368      1.85    333,006         2,368    775,168       29.5
WORK      794,560     1,082,048      1.36    805,830       338,240  4,469,120       71.2
SHDT      694,143       977,151      1.41    709,862       295,871  1,860,479       62.2
SWRM        1,344         1,472      1.10      1,372           896      3,392        0.1
GCRA      346,560       542,464      1.57    357,860       127,936    990,016       31.0
SCPU            0             0      0.00          0             0          0        0.0
SCAT            0             0      0.00          0             0          0        0.0
SPRM            0             0      0.00          0             0          0        0.0
SINT            0             0      0.00          0             0          0        0.0
SPHD            0             0      0.00          0             0          0        0.0
SPHC            0             0      0.00          0             0          0        0.0
MWPN            0             0      0.00          0             0          0        0.0
MITM            0             0      0.00          0             0          0        0.0
MEFX            0             0      0.00          0             0          0        0.0
MACT            0             0      0.00          0             0          0        0.0
MPRT            0             0      0.00          0             0          0        0.0
MTEX            0             0      0.00        371             0    650,240        0.0
MCAP            0             0      0.00          0             0          0        0.0
MPRO            0             0      0.00          0             0          0        0.0
MCAM      402,432       544,640      1.35    407,901       175,744  3,365,120       36.0
MFLS          128           192      1.50        136           128        192        0.0
GPOL          592           673      1.14        542            29        755        0.1
GVTX        1,419         1,596      1.12      1,315            96      1,750        0.1
DGSA   2,250,718,284 4,050,421,973        2,184,942,484  1,678,878 4,291,383,562 201,544.3
DGSB   2,254,346,240 4,035,342,474        2,215,590,844  2,771,092 4,285,088,836 201,869.2
WORK-H    783,488     1,070,976      1.37    794,043       329,984  3,625,920       70.2

named=788,553 (69.0% of ALL)  VBI 2:1877 3:82 4:1 5+:1 max:9 total:1961  slips=0
Wrote artifacts/performance/2026-10-06_ab-cleanup/gate-q16.json
