Wrote artifacts/performance/2026-10-06_ab-cleanup/gate-q14.csv
Tick-HUD buckets: target=smash64ds-p2-fourcpu-tickhud-hwtri samples=1960 frames=2..1961 melonDS=1.0 sha=DE80E46BDCF1FD98 git=38bc191f678+dirty(44) dldi=ON

bucket p50           p95           spread mean          min        max           %ALLp50
------ ---           ---           ------ ----          ---        ---           -------
ALL     1,116,544     1,118,208      1.00  1,142,940     1,111,936  4,634,368      100.0
FTR             0             0      0.00          0             0          0        0.0
STG             0             0      0.00          0             0          0        0.0
BG              0             0      0.00          0             0          0        0.0
AUD         4,864         9,984      2.05      5,510         2,240     23,104        0.4
HUD         8,960        23,808      2.66     11,682         7,808    725,440        0.8
SRC       353,280       548,544      1.55    364,429       132,160  1,000,896       31.6
MISC      403,328       545,472      1.35    408,537       175,744  3,317,888       36.1
OTHR      348,480       635,136      1.82    352,782        24,000    794,688       31.2
WAIT      326,912       611,200      1.87    331,769         3,264    775,360       29.3
WORK      796,224     1,084,928      1.36    807,424       338,112  4,298,688       71.3
SHDT      694,975       981,311      1.41    710,501       294,399  1,866,111       62.2
SWRM        1,216         1,280      1.05      1,204           768      3,072        0.1
GCRA      348,160       543,424      1.56    359,199       127,808    995,136       31.2
SCPU            0             0      0.00          0             0          0        0.0
SCAT            0             0      0.00          0             0          0        0.0
SPRM            0             0      0.00          0             0          0        0.0
SINT            0             0      0.00          0             0          0        0.0
SPHD            0             0      0.00          0             0          0        0.0
SPHC            0             0      0.00          0             0          0        0.0
MWPN            0             0      0.00          0             0          0        0.0
MITM            0             0      0.00          0             0          0        0.0
MEFX            0             0      0.00          0             0          0        0.0
MACT            0             0      0.00          0             0          0        0.0
MPRT            0             0      0.00          0             0          0        0.0
MTEX            0             0      0.00        373             0    654,528        0.0
MCAP            0             0      0.00          0             0          0        0.0
MPRO            0             0      0.00          0             0          0        0.0
MCAM      403,200       545,344      1.35    408,424       175,616  3,317,760       36.1
MFLS          128           128      1.00        114            64        192        0.0
GPOL          592           673      1.14        542            29        755        0.1
GVTX        1,419         1,596      1.12      1,315            96      1,750        0.1
DGSA   2,250,718,284 4,050,421,973        2,184,942,484  1,678,878 4,291,383,562 201,579.0
DGSB   2,254,346,240 4,035,342,474        2,215,590,844  2,771,092 4,285,088,836 201,903.9
WORK-H    785,536     1,075,392      1.37    795,742       329,024  3,573,248       70.4

named=790,158 (69.1% of ALL)  VBI 2:1875 3:84 4:1 5+:1 max:9 total:1961  slips=0
Wrote artifacts/performance/2026-10-06_ab-cleanup/gate-q14.json
