Wrote artifacts/performance/2026-10-06_ab-cleanup/yo-q15.csv
Tick-HUD buckets: target=smash64ds-p2-fourcpu-tickhud-hwtri samples=1960 frames=2..1961 melonDS=1.0 sha=DE80E46BDCF1FD98 git=36d7cd0a0b2+dirty(31) dldi=ON

bucket p50           p95           spread mean          min        max           %ALLp50
------ ---           ---           ------ ----          ---        ---           -------
ALL     1,116,672     1,676,928      1.50  1,187,693     1,111,360  4,851,008      100.0
FTR             0             0      0.00          0             0          0        0.0
STG             0             0      0.00          0             0          0        0.0
BG              0             0      0.00          0             0          0        0.0
AUD         4,928         9,984      2.03      5,546         2,240     27,520        0.4
HUD         9,216        24,064      2.61     11,562         7,808    875,264        0.8
SRC       384,320       618,368      1.61    399,296       133,312  1,065,536       34.4
MISC      439,488       671,488      1.53    453,232       174,464  3,366,208       39.4
OTHR      300,992       598,592      1.99    318,057        21,696    797,120       27.0
WAIT      280,384       574,208      2.05    296,786         2,304    777,856       25.1
WORK      877,376     1,232,064      1.40    886,913       335,552  4,521,600       78.6
SHDT      775,359     1,136,959      1.47    791,362       293,631  2,328,831       69.4
SWRM        1,216         1,280      1.05      1,195           832      3,008        0.1
GCRA      379,136       613,184      1.62    394,111       129,024  1,056,704       34.0
SCPU            0             0      0.00          0             0          0        0.0
SCAT            0             0      0.00          0             0          0        0.0
SPRM            0             0      0.00          0             0          0        0.0
SINT            0             0      0.00          0             0          0        0.0
SPHD            0             0      0.00          0             0          0        0.0
SPHC            0             0      0.00          0             0          0        0.0
MWPN            0             0      0.00          0             0          0        0.0
MITM            0             0      0.00          0             0          0        0.0
MEFX            0             0      0.00          0             0          0        0.0
MACT            0             0      0.00          0             0          0        0.0
MPRT            0             0      0.00          0             0          0        0.0
MTEX            0             0      0.00        274             0    273,024        0.0
MCAP            0             0      0.00          0             0          0        0.0
MPRO            0             0      0.00          0             0          0        0.0
MCAM      439,360       671,360      1.53    453,116       174,336  3,366,080       39.3
MFLS          128           128      1.00        116            64        192        0.0
GPOL          536           611      1.14        487            57        663        0.0
GVTX        1,377         1,575      1.14      1,267           185      1,762        0.1
DGSA   2,119,280,374 4,084,045,404   1.93 2,146,328,221  5,064,253 4,294,579,349 189,785.4
DGSB   2,061,157,662 4,054,350,453   1.97 2,114,667,851    755,242 4,291,943,493 184,580.4
WORK-H    867,136     1,219,008      1.41    875,351       327,680  3,646,336       77.7

named=869,636 (73.2% of ALL)  VBI 2:1725 3:229 4:5 5+:2 max:9 total:1961  slips=0
Wrote artifacts/performance/2026-10-06_ab-cleanup/yo-q15.json
