Wrote artifacts/performance/2026-10-06_fixed-collision/sz-q27.csv
Tick-HUD buckets: target=smash64ds-p2-fourcpu-tickhud-hwtri samples=1960 frames=2..1961 melonDS=1.0 sha=DE80E46BDCF1FD98 git=54c972398d2+dirty(38) dldi=ON

bucket p50           p95           spread mean          min        max           %ALLp50
------ ---           ---           ------ ----          ---        ---           -------
ALL     1,116,672     1,676,864      1.50  1,167,690     1,110,784 17,158,016      100.0
FTR             0             0      0.00          0             0          0        0.0
STG             0             0      0.00          0             0          0        0.0
BG              0             0      0.00          0             0          0        0.0
AUD         4,416         9,600      2.17      5,397         2,496     23,360        0.4
HUD         8,896        24,000      2.70     10,949         7,808    762,048        0.8
SRC       409,792       602,944      1.47    419,363       145,600  1,050,432       36.7
MISC      406,080       563,008      1.39    421,263       149,568 15,854,144       36.4
OTHR      303,168       543,232      1.79    310,718        23,104    805,632       27.1
WAIT      280,512       519,488      1.85    288,905         2,560    786,112       25.1
WORK      857,472     1,164,672      1.36    875,121       326,976 16,818,304       76.8
SHDT      773,887     1,059,455      1.37    793,894       285,439 16,011,647       69.3
SWRM        1,344         1,408      1.05      1,349           896      3,456        0.1
GCRA      404,352       597,312      1.48    413,897       140,736  1,044,992       36.2
SCPU            0             0      0.00          0             0          0        0.0
SCAT            0             0      0.00          0             0          0        0.0
SPRM            0             0      0.00          0             0          0        0.0
SINT            0             0      0.00          0             0          0        0.0
SPHD            0             0      0.00          0             0          0        0.0
SPHC            0             0      0.00          0             0          0        0.0
MWPN            0             0      0.00          0             0          0        0.0
MITM            0             0      0.00          0             0          0        0.0
MEFX            0             0      0.00          0             0          0        0.0
MACT            0             0      0.00          0             0          0        0.0
MPRT            0             0      0.00          0             0          0        0.0
MTEX            0             0      0.00        574             0  1,041,984        0.0
MCAP            0             0      0.00          0             0          0        0.0
MPRO            0             0      0.00          0             0          0        0.0
MCAM      405,952       562,880      1.39    421,125       149,440 15,854,016       36.4
MFLS          128           192      1.50        138           128        256        0.0
GPOL          477           566      1.19        463            47        604        0.0
GVTX        1,074         1,335      1.24      1,060           157      1,442        0.1
DGSA   2,151,297,068 4,051,513,036        2,133,514,594    676,991 4,286,422,441 192,652.5
DGSB   2,119,168,438 4,104,172,124   1.94 2,135,049,252  2,524,074 4,280,928,178 189,775.4
WORK-H    847,104     1,150,848      1.36    864,171       318,784 16,056,256       75.9

named=856,972 (73.4% of ALL)  VBI 2:1820 3:131 4:8 5+:2 max:35 total:1961  slips=0
Wrote artifacts/performance/2026-10-06_fixed-collision/sz-q27.json
