Wrote artifacts/performance/2026-10-06_fixed-collision/g0-q31f.csv
Tick-HUD buckets: target=smash64ds-p2-fourcpu-tickhud-hwtri samples=1960 frames=2..1961 melonDS=1.0 sha=DE80E46BDCF1FD98 git=54c972398d2+dirty(40) dldi=ON

bucket p50           p95           spread mean          min        max           %ALLp50
------ ---           ---           ------ ----          ---        ---           -------
ALL     1,116,736     1,676,800      1.50  1,159,899     1,111,808 10,666,816      100.0
FTR             0             0      0.00          0             0          0        0.0
STG             0             0      0.00          0             0          0        0.0
BG              0             0      0.00          0             0          0        0.0
AUD         5,184        10,496      2.02      5,756         2,304     23,232        0.5
HUD         9,408        24,128      2.56     11,976         8,512    391,296        0.8
SRC       413,952       642,496      1.55    426,313       140,224  1,209,344       37.1
MISC      356,864       499,904      1.40    372,494       127,616  9,737,600       32.0
OTHR      340,416       550,528      1.62    343,361        23,296    834,752       30.5
WAIT      319,488       527,744      1.65    321,949         2,496    815,680       28.6
WORK      805,632     1,151,808      1.43    833,852       297,024 10,328,896       72.1
SHDT      717,631     1,058,111      1.47    747,426       255,679  9,894,207       64.3
SWRM        1,408         1,472      1.05      1,390           960      3,520        0.1
GCRA      408,640       636,352      1.56    420,894       135,488  1,199,552       36.6
SCPU            0             0      0.00          0             0          0        0.0
SCAT            0             0      0.00          0             0          0        0.0
SPRM            0             0      0.00          0             0          0        0.0
SINT            0             0      0.00          0             0          0        0.0
SPHD            0             0      0.00          0             0          0        0.0
SPHC            0             0      0.00          0             0          0        0.0
MWPN            0             0      0.00          0             0          0        0.0
MITM            0             0      0.00          0             0          0        0.0
MEFX            0             0      0.00          0             0          0        0.0
MACT            0             0      0.00          0             0          0        0.0
MPRT            0             0      0.00          0             0          0        0.0
MTEX            0             0      0.00        583             0  1,044,736        0.0
MCAP            0             0      0.00          0             0          0        0.0
MPRO            0             0      0.00          0             0          0        0.0
MCAM      356,736       499,776      1.40    372,352       127,488  9,737,472       31.9
MFLS          128           192      1.50        142           128        256        0.0
GPOL          497           558      1.12        473            68        605        0.0
GVTX        1,131         1,288      1.14      1,096           214      1,424        0.1
DGSA   2,111,017,074 4,069,956,070   1.93 2,126,091,786  4,383,315 4,293,901,612 189,034.6
DGSB   2,115,964,441 4,116,377,028   1.95 2,147,507,286    406,719 4,294,683,778 189,477.6
WORK-H    793,728     1,138,752      1.43    821,877       288,256  9,937,600       71.1

named=816,539 (70.4% of ALL)  VBI 2:1836 3:115 4:8 5+:2 max:23 total:1961  slips=0
Wrote artifacts/performance/2026-10-06_fixed-collision/g0-q31f.json
