Wrote artifacts/performance/2026-10-06_fixed-collision/g0-q31.csv
Tick-HUD buckets: target=smash64ds-p2-fourcpu-tickhud-hwtri samples=1960 frames=2..1961 melonDS=1.0 sha=DE80E46BDCF1FD98 git=54c972398d2+dirty(40) dldi=ON

bucket p50           p95           spread mean          min        max           %ALLp50
------ ---           ---           ------ ----          ---        ---           -------
ALL     1,116,736     1,672,384      1.50  1,152,210     1,110,464 10,793,408      100.0
FTR             0             0      0.00          0             0          0        0.0
STG             0             0      0.00          0             0          0        0.0
BG              0             0      0.00          0             0          0        0.0
AUD         5,120        10,368      2.02      5,741         2,432     22,464        0.5
HUD         9,216        24,384      2.65     11,973         8,192    485,888        0.8
SRC       419,968       633,024      1.51    427,821       139,968  1,029,696       37.6
MISC      356,608       481,408      1.35    369,142       126,720  9,768,384       31.9
OTHR      332,352       549,568      1.65    337,533        21,184    835,072       29.8
WAIT      311,936       528,064      1.69    316,623         2,304    815,488       27.9
WORK      813,952     1,114,304      1.37    831,492       297,600 10,453,312       72.9
SHDT      724,287     1,000,447      1.38    744,352       255,551  9,924,287       64.9
SWRM        1,344         1,408      1.05      1,329           832      3,264        0.1
GCRA      414,784       627,072      1.51    422,527       135,296  1,019,904       37.1
SCPU            0             0      0.00          0             0          0        0.0
SCAT            0             0      0.00          0             0          0        0.0
SPRM            0             0      0.00          0             0          0        0.0
SINT            0             0      0.00          0             0          0        0.0
SPHD            0             0      0.00          0             0          0        0.0
SPHC            0             0      0.00          0             0          0        0.0
MWPN            0             0      0.00          0             0          0        0.0
MITM            0             0      0.00          0             0          0        0.0
MEFX            0             0      0.00          0             0          0        0.0
MACT            0             0      0.00          0             0          0        0.0
MPRT            0             0      0.00          0             0          0        0.0
MTEX            0             0      0.00        583             0  1,044,608        0.0
MCAP            0             0      0.00          0             0          0        0.0
MPRO            0             0      0.00          0             0          0        0.0
MCAM      356,480       481,280      1.35    369,011       126,592  9,768,256       31.9
MFLS          128           128      1.00        131           128        192        0.0
GPOL          497           556      1.12        474            68        605        0.0
GVTX        1,134         1,286      1.13      1,098           214      1,424        0.1
DGSA   2,156,107,775 4,085,789,599        2,143,769,046  4,136,899 4,294,504,546 193,072.3
DGSB   2,132,237,381 4,083,937,101   1.92 2,129,613,282  1,447,036 4,293,768,537 190,934.8
WORK-H    800,128     1,094,464      1.37    819,519       287,936  9,967,424       71.6

named=814,677 (70.7% of ALL)  VBI 2:1862 3:90 4:7 5+:2 max:24 total:1961  slips=0
Wrote artifacts/performance/2026-10-06_fixed-collision/g0-q31.json
