Wrote artifacts/performance/2026-10-06_fixed-collision/g0-q31k.csv
Tick-HUD buckets: target=smash64ds-p2-fourcpu-tickhud-hwtri samples=1960 frames=2..1961 melonDS=1.0 sha=DE80E46BDCF1FD98 git=54c972398d2+dirty(39) dldi=ON

bucket p50           p95           spread mean          min        max           %ALLp50
------ ---           ---           ------ ----          ---        ---           -------
ALL     1,116,672     1,676,800      1.50  1,160,764     1,111,232 10,816,640      100.0
FTR             0             0      0.00          0             0          0        0.0
STG             0             0      0.00          0             0          0        0.0
BG              0             0      0.00          0             0          0        0.0
AUD         5,248        10,624      2.02      5,855         2,432     22,912        0.5
HUD         9,216        24,064      2.61     11,846         8,128    525,440        0.8
SRC       414,400       641,664      1.55    426,071       139,840  1,205,504       37.1
MISC      360,128       501,312      1.39    375,930       131,136  9,756,608       32.3
OTHR      337,664       550,464      1.63    341,063        23,744    830,976       30.2
WAIT      316,864       526,592      1.66    319,728         2,432    811,712       28.4
WORK      809,664     1,146,624      1.42    836,980       301,440 10,480,960       72.5
SHDT      720,831     1,061,183      1.47    750,938       258,815  9,911,359       64.6
SWRM        1,280         1,344      1.05      1,269           832      3,264        0.1
GCRA      409,024       634,688      1.55    420,896       135,360  1,196,160       36.6
SCPU            0             0      0.00          0             0          0        0.0
SCAT            0             0      0.00          0             0          0        0.0
SPRM            0             0      0.00          0             0          0        0.0
SINT            0             0      0.00          0             0          0        0.0
SPHD            0             0      0.00          0             0          0        0.0
SPHC            0             0      0.00          0             0          0        0.0
MWPN            0             0      0.00          0             0          0        0.0
MITM            0             0      0.00          0             0          0        0.0
MEFX            0             0      0.00          0             0          0        0.0
MACT            0             0      0.00          0             0          0        0.0
MPRT            0             0      0.00          0             0          0        0.0
MTEX            0             0      0.00        579             0  1,034,688        0.0
MCAP            0             0      0.00          0             0          0        0.0
MPRO            0             0      0.00          0             0          0        0.0
MCAM      360,000       501,184      1.39    375,796       131,008  9,756,416       32.2
MFLS          128           192      1.50        133           128        256        0.0
GPOL          497           558      1.12        473            68        605        0.0
GVTX        1,131         1,288      1.14      1,096           214      1,424        0.1
DGSA   2,111,017,074 4,069,956,070   1.93 2,126,091,786  4,383,315 4,293,901,612 189,045.4
DGSB   2,115,964,441 4,116,377,028   1.95 2,147,507,286    406,719 4,294,683,778 189,488.4
WORK-H    797,632     1,136,448      1.42    825,134       291,776  9,955,520       71.4

named=819,702 (70.6% of ALL)  VBI 2:1834 3:117 4:7 5+:3 max:24 total:1961  slips=0
Wrote artifacts/performance/2026-10-06_fixed-collision/g0-q31k.json
