Wrote artifacts/performance/2026-10-06_fixed-collision/g0-q30.csv
Tick-HUD buckets: target=smash64ds-p2-fourcpu-tickhud-hwtri samples=1960 frames=2..1961 melonDS=1.0 sha=DE80E46BDCF1FD98 git=54c972398d2+dirty(38) dldi=ON

bucket p50           p95           spread mean          min        max           %ALLp50
------ ---           ---           ------ ----          ---        ---           -------
ALL     1,116,608     1,119,744      1.00  1,151,682     1,110,592 11,076,224      100.0
FTR             0             0      0.00          0             0          0        0.0
STG             0             0      0.00          0             0          0        0.0
BG              0             0      0.00          0             0          0        0.0
AUD         5,312        10,432      1.96      5,854         2,560     22,784        0.5
HUD         9,152        24,320      2.66     12,088         8,192    803,584        0.8
SRC       413,888       628,416      1.52    422,423       138,816  1,018,176       37.1
MISC      357,440       485,568      1.36    370,439       128,768  9,736,000       32.0
OTHR      336,384       549,056      1.63    340,878        25,920    833,856       30.1
WAIT      315,328       528,384      1.68    319,244         3,264    813,376       28.2
WORK      809,536     1,108,352      1.37    828,350       299,264 10,738,176       72.5
SHDT      720,447       999,359      1.39    741,445       257,151  9,891,391       64.5
SWRM        1,344         1,472      1.10      1,370           960      3,584        0.1
GCRA      408,512       622,272      1.52    417,048       134,208  1,010,496       36.6
SCPU            0             0      0.00          0             0          0        0.0
SCAT            0             0      0.00          0             0          0        0.0
SPRM            0             0      0.00          0             0          0        0.0
SINT            0             0      0.00          0             0          0        0.0
SPHD            0             0      0.00          0             0          0        0.0
SPHC            0             0      0.00          0             0          0        0.0
MWPN            0             0      0.00          0             0          0        0.0
MITM            0             0      0.00          0             0          0        0.0
MEFX            0             0      0.00          0             0          0        0.0
MACT            0             0      0.00          0             0          0        0.0
MPRT            0             0      0.00          0             0          0        0.0
MTEX            0             0      0.00        581             0  1,039,488        0.0
MCAP            0             0      0.00          0             0          0        0.0
MPRO            0             0      0.00          0             0          0        0.0
MCAM      357,312       485,440      1.36    370,307       128,640  9,735,872       32.0
MFLS          128           192      1.50        132           128        192        0.0
GPOL          497           556      1.12        474            68        605        0.0
GVTX        1,134         1,285      1.13      1,097           214      1,424        0.1
DGSA   2,201,548,881 4,100,424,752        2,172,722,451  4,136,899 4,294,504,546 197,164.0
DGSB   2,178,514,774 4,092,645,728        2,156,681,240  1,447,036 4,293,897,733 195,101.1
WORK-H    795,264     1,088,320      1.37    816,262       289,536  9,934,592       71.2

named=810,804 (70.4% of ALL)  VBI 2:1864 3:88 4:7 5+:2 max:24 total:1961  slips=0
Wrote artifacts/performance/2026-10-06_fixed-collision/g0-q30.json
