Wrote artifacts/performance/2026-10-06_fixed-collision/g7-q31.csv
Tick-HUD buckets: target=smash64ds-p2-fourcpu-tickhud-hwtri samples=1960 frames=2..1961 melonDS=1.0 sha=DE80E46BDCF1FD98 git=54c972398d2+dirty(40) dldi=ON

bucket p50           p95           spread mean          min        max           %ALLp50
------ ---           ---           ------ ----          ---        ---           -------
ALL     1,116,736     1,676,928      1.50  1,174,216     1,111,552 14,992,576      100.0
FTR             0             0      0.00          0             0          0        0.0
STG             0             0      0.00          0             0          0        0.0
BG              0             0      0.00          0             0          0        0.0
AUD         5,184        10,688      2.06      5,788         2,432     23,040        0.5
HUD         9,024        23,936      2.65     11,814         7,808    474,816        0.8
SRC       407,104       634,880      1.56    421,456       137,024  4,605,056       36.5
MISC      391,040       557,120      1.42    411,903       167,424 13,986,368       35.0
OTHR      314,624       549,120      1.75    323,256        21,504    797,504       28.2
WAIT      294,400       529,152      1.80    302,647         2,432    778,112       26.4
WORK      841,664     1,179,008      1.40    867,744       335,360 14,656,320       75.4
SHDT      751,167     1,050,175      1.40    773,843       291,199 14,137,343       67.3
SWRM        1,280         1,408      1.10      1,307           896      3,328        0.1
GCRA      401,600       629,888      1.57    416,173       132,480  4,599,616       36.0
SCPU            0             0      0.00          0             0          0        0.0
SCAT            0             0      0.00          0             0          0        0.0
SPRM            0             0      0.00          0             0          0        0.0
SINT            0             0      0.00          0             0          0        0.0
SPHD            0             0      0.00          0             0          0        0.0
SPHC            0             0      0.00          0             0          0        0.0
MWPN            0             0      0.00          0             0          0        0.0
MITM            0             0      0.00          0             0          0        0.0
MEFX            0             0      0.00          0             0          0        0.0
MACT            0             0      0.00          0             0          0        0.0
MPRT            0             0      0.00          0             0          0        0.0
MTEX            0             0      0.00        725             0  1,233,152        0.0
MCAP            0             0      0.00          0             0          0        0.0
MPRO            0             0      0.00          0             0          0        0.0
MCAM      390,912       556,992      1.42    411,772       167,296 13,986,240       35.0
MFLS          128           128      1.00        131           128        256        0.0
GPOL          537           603      1.12        521           107        683        0.0
GVTX        1,255         1,439      1.15      1,230           348      1,670        0.1
DGSA   2,170,631,524 4,006,162,655        2,084,342,236  2,080,652 4,290,633,612 194,372.8
DGSB   2,284,858,369 4,090,079,860        2,172,053,215  1,198,703 4,290,450,714 204,601.5
WORK-H    831,616     1,164,544      1.40    855,930       327,296 14,181,504       74.5

named=850,961 (72.5% of ALL)  VBI 2:1804 3:146 4:7 5+:4 max:31 total:1961  slips=0
Wrote artifacts/performance/2026-10-06_fixed-collision/g7-q31.json
