Wrote artifacts/performance/2026-10-06_fixed-collision/gate-q31f.csv
Tick-HUD buckets: target=smash64ds-p2-fourcpu-tickhud-hwtri samples=1960 frames=2..1961 melonDS=1.0 sha=DE80E46BDCF1FD98 git=54c972398d2+dirty(40) dldi=ON

bucket p50           p95           spread mean          min        max           %ALLp50
------ ---           ---           ------ ----          ---        ---           -------
ALL     1,116,736     1,117,888      1.00  1,137,168     1,111,680  4,225,600      100.0
FTR             0             0      0.00          0             0          0        0.0
STG             0             0      0.00          0             0          0        0.0
BG              0             0      0.00          0             0          0        0.0
AUD         4,928        10,432      2.12      5,652         2,304     27,776        0.4
HUD         9,152        23,808      2.60     11,589         8,000    336,768        0.8
SRC       336,448       537,408      1.60    350,380       122,944    982,912       30.1
MISC      393,600       533,952      1.36    398,234       169,280  3,311,680       35.2
OTHR      369,856       643,328      1.74    371,312        24,448    809,408       33.1
WAIT      348,608       619,456      1.78    350,208         3,712    790,144       31.2
WORK      772,992     1,060,544      1.37    783,188       323,136  3,893,248       69.2
SHDT      670,207       949,119      1.42    686,776       280,383  1,852,095       60.0
SWRM        1,408         1,536      1.09      1,417           960      3,392        0.1
GCRA      331,072       531,712      1.61    344,987       118,464    977,344       29.6
SCPU            0             0      0.00          0             0          0        0.0
SCAT            0             0      0.00          0             0          0        0.0
SPRM            0             0      0.00          0             0          0        0.0
SINT            0             0      0.00          0             0          0        0.0
SPHD            0             0      0.00          0             0          0        0.0
SPHC            0             0      0.00          0             0          0        0.0
MWPN            0             0      0.00          0             0          0        0.0
MITM            0             0      0.00          0             0          0        0.0
MEFX            0             0      0.00          0             0          0        0.0
MACT            0             0      0.00          0             0          0        0.0
MPRT            0             0      0.00          0             0          0        0.0
MTEX            0             0      0.00        376             0    659,008        0.0
MCAP            0             0      0.00          0             0          0        0.0
MPRO            0             0      0.00          0             0          0        0.0
MCAM      393,472       533,824      1.36    398,092       169,152  3,311,552       35.2
MFLS          128           192      1.50        142           128        256        0.0
GPOL          592           673      1.14        542            29        755        0.1
GVTX        1,419         1,597      1.13      1,315            96      1,750        0.1
DGSA   2,250,718,284 4,050,421,973        2,184,942,484  1,678,878 4,291,383,562 201,544.3
DGSB   2,254,346,240 4,035,342,474        2,215,590,844  2,771,092 4,285,088,836 201,869.2
WORK-H    762,560     1,049,024      1.38    771,599       314,688  3,556,480       68.3

named=765,855 (67.3% of ALL)  VBI 2:1895 3:64 4:1 5+:1 max:8 total:1961  slips=0
Wrote artifacts/performance/2026-10-06_fixed-collision/gate-q31f.json
