Wrote artifacts/performance/2026-10-06_fixed-collision/gate-q30.csv
Tick-HUD buckets: target=smash64ds-p2-fourcpu-tickhud-hwtri samples=1960 frames=2..1961 melonDS=1.0 sha=DE80E46BDCF1FD98 git=54c972398d2+dirty(38) dldi=ON

bucket p50           p95           spread mean          min        max           %ALLp50
------ ---           ---           ------ ----          ---        ---           -------
ALL     1,116,608     1,117,952      1.00  1,143,060     1,111,936  4,255,104      100.0
FTR             0             0      0.00          0             0          0        0.0
STG             0             0      0.00          0             0          0        0.0
BG              0             0      0.00          0             0          0        0.0
AUD         4,992        10,368      2.08      5,739         2,496     27,520        0.4
HUD         8,960        23,808      2.66     11,665         7,744    361,216        0.8
SRC       342,400       545,152      1.59    356,228       122,688    986,752       30.7
MISC      394,752       531,520      1.35    398,345       171,136  3,313,536       35.4
OTHR      366,144       643,648      1.76    371,083        22,464    808,896       32.8
WAIT      344,768       619,776      1.80    349,676         2,688    789,056       30.9
WORK      779,584     1,087,360      1.39    789,619       324,608  3,923,840       69.8
SHDT      677,055       977,151      1.44    694,437       282,495  2,255,039       60.6
SWRM        1,408         1,472      1.05      1,380           896      3,584        0.1
GCRA      337,088       540,032      1.60    350,882       118,144    981,056       30.2
SCPU            0             0      0.00          0             0          0        0.0
SCAT            0             0      0.00          0             0          0        0.0
SPRM            0             0      0.00          0             0          0        0.0
SINT            0             0      0.00          0             0          0        0.0
SPHD            0             0      0.00          0             0          0        0.0
SPHC            0             0      0.00          0             0          0        0.0
MWPN            0             0      0.00          0             0          0        0.0
MITM            0             0      0.00          0             0          0        0.0
MEFX            0             0      0.00          0             0          0        0.0
MACT            0             0      0.00          0             0          0        0.0
MPRT            0             0      0.00          0             0          0        0.0
MTEX            0             0      0.00        380             0    667,072        0.0
MCAP            0             0      0.00          0             0          0        0.0
MPRO            0             0      0.00          0             0          0        0.0
MCAM      394,624       531,392      1.35    398,211       171,008  3,313,408       35.3
MFLS          128           192      1.50        133           128        576        0.0
GPOL          588           645      1.10        535            29        691        0.1
GVTX        1,407         1,537      1.09      1,298            96      1,677        0.1
DGSA   2,218,470,447 4,068,239,774        2,170,621,262    425,087 4,286,164,504 198,679.4
DGSB   2,248,335,339 4,086,762,342        2,202,657,066  2,184,420 4,292,501,866 201,354.0
WORK-H    768,256     1,069,952      1.39    777,953       316,672  3,562,624       68.8

named=771,977 (67.5% of ALL)  VBI 2:1875 3:83 4:1 5+:2 max:8 total:1961  slips=0
Wrote artifacts/performance/2026-10-06_fixed-collision/gate-q30.json
