Wrote artifacts/performance/2026-10-06_fixed-collision/gate-q29b.csv
Tick-HUD buckets: target=smash64ds-p2-fourcpu-tickhud-hwtri samples=1960 frames=2..1961 melonDS=1.0 sha=DE80E46BDCF1FD98 git=54c972398d2+dirty(34) dldi=ON

bucket p50           p95           spread mean          min        max           %ALLp50
------ ---           ---           ------ ----          ---        ---           -------
ALL     1,116,672     1,118,272      1.00  1,144,387     1,110,784  4,514,752      100.0
FTR             0             0      0.00          0             0          0        0.0
STG             0             0      0.00          0             0          0        0.0
BG              0             0      0.00          0             0          0        0.0
AUD         5,056        10,432      2.06      5,790         2,432     29,504        0.5
HUD         9,088        23,872      2.63     11,925         8,064    608,128        0.8
SRC       348,928       555,264      1.59    361,981       124,480    995,456       31.2
MISC      395,456       530,368      1.34    399,720       172,224  3,325,248       35.4
OTHR      358,976       640,384      1.78    364,971        23,616    804,288       32.1
WAIT      337,664       616,384      1.83    343,758         4,224    784,448       30.2
WORK      785,664     1,099,776      1.40    796,887       328,768  4,185,472       70.4
SHDT      684,799       989,887      1.45    701,333       284,991  2,263,807       61.3
SWRM        1,344         1,408      1.05      1,365           960      3,456        0.1
GCRA      343,616       548,032      1.59    356,551       119,744    989,824       30.8
SCPU            0             0      0.00          0             0          0        0.0
SCAT            0             0      0.00          0             0          0        0.0
SPRM            0             0      0.00          0             0          0        0.0
SINT            0             0      0.00          0             0          0        0.0
SPHD            0             0      0.00          0             0          0        0.0
SPHC            0             0      0.00          0             0          0        0.0
MWPN            0             0      0.00          0             0          0        0.0
MITM            0             0      0.00          0             0          0        0.0
MEFX            0             0      0.00          0             0          0        0.0
MACT            0             0      0.00          0             0          0        0.0
MPRT            0             0      0.00          0             0          0        0.0
MTEX            0             0      0.00        374             0    655,104        0.0
MCAP            0             0      0.00          0             0          0        0.0
MPRO            0             0      0.00          0             0          0        0.0
MCAM      395,328       530,176      1.34    399,581       172,096  3,325,120       35.4
MFLS          128           192      1.50        139           128        512        0.0
GPOL          588           645      1.10        535            29        691        0.1
GVTX        1,406         1,537      1.09      1,298            96      1,677        0.1
DGSA   2,218,470,447 4,068,239,774        2,170,621,262    425,087 4,286,164,504 198,668.0
DGSB   2,248,335,339 4,086,762,342        2,202,657,066  2,184,420 4,292,501,866 201,342.5
WORK-H    775,232     1,081,664      1.40    784,962       319,232  3,577,344       69.4

named=779,416 (68.1% of ALL)  VBI 2:1871 3:87 4:1 5+:2 max:9 total:1961  slips=0
Wrote artifacts/performance/2026-10-06_fixed-collision/gate-q29b.json
