Wrote artifacts/performance/2026-10-06_fixed-collision/gate-q31.csv
Tick-HUD buckets: target=smash64ds-p2-fourcpu-tickhud-hwtri samples=1960 frames=2..1961 melonDS=1.0 sha=DE80E46BDCF1FD98 git=54c972398d2+dirty(41) dldi=ON

bucket p50           p95           spread mean          min        max           %ALLp50
------ ---           ---           ------ ----          ---        ---           -------
ALL     1,116,736     1,117,696      1.00  1,138,237     1,112,192  4,691,072      100.0
FTR             0             0      0.00          0             0          0        0.0
STG             0             0      0.00          0             0          0        0.0
BG              0             0      0.00          0             0          0        0.0
AUD         4,992        10,304      2.06      5,672         2,432     27,456        0.4
HUD         9,024        23,872      2.65     11,699         7,808    749,184        0.8
SRC       338,560       539,328      1.59    352,738       123,072    990,720       30.3
MISC      394,560       535,040      1.36    398,760       170,624  3,360,192       35.3
OTHR      368,768       642,624      1.74    369,368        22,528    807,744       33.0
WAIT      348,160       619,200      1.78    348,602         2,432    788,544       31.2
WORK      775,808     1,063,104      1.37    785,832       324,800  4,360,960       69.5
SHDT      673,919       954,047      1.42    689,370       281,471  1,859,519       60.3
SWRM        1,280         1,408      1.10      1,303           832      3,328        0.1
GCRA      333,376       534,208      1.60    347,501       118,720    985,216       29.9
SCPU            0             0      0.00          0             0          0        0.0
SCAT            0             0      0.00          0             0          0        0.0
SPRM            0             0      0.00          0             0          0        0.0
SINT            0             0      0.00          0             0          0        0.0
SPHD            0             0      0.00          0             0          0        0.0
SPHC            0             0      0.00          0             0          0        0.0
MWPN            0             0      0.00          0             0          0        0.0
MITM            0             0      0.00          0             0          0        0.0
MEFX            0             0      0.00          0             0          0        0.0
MACT            0             0      0.00          0             0          0        0.0
MPRT            0             0      0.00          0             0          0        0.0
MTEX            0             0      0.00        375             0    657,216        0.0
MCAP            0             0      0.00          0             0          0        0.0
MPRO            0             0      0.00          0             0          0        0.0
MCAM      394,432       534,912      1.36    398,629       170,496  3,360,064       35.3
MFLS          128           128      1.00        131           128        320        0.0
GPOL          592           673      1.14        542            29        755        0.1
GVTX        1,419         1,595      1.12      1,315            96      1,750        0.1
DGSA   2,250,718,284 4,050,421,973        2,184,942,484  1,678,878 4,291,383,562 201,544.3
DGSB   2,254,346,240 4,035,342,474        2,215,590,844  2,771,092 4,285,088,836 201,869.2
WORK-H    764,928     1,048,320      1.37    774,132       315,200  3,611,776       68.5

named=768,869 (67.5% of ALL)  VBI 2:1892 3:67 4:1 5+:1 max:9 total:1961  slips=0
Wrote artifacts/performance/2026-10-06_fixed-collision/gate-q31.json
