Wrote artifacts/performance/2026-10-05_collision-window/c1-g2.csv
Tick-HUD buckets: target=smash64ds-p2-fourcpu-tickhud-hwtri samples=1960 frames=2..1961 melonDS=1.0 sha=DE80E46BDCF1FD98 git=422facd3b0b+dirty(34) dldi=ON

bucket p50           p95           spread mean          min        max           %ALLp50
------ ---           ---           ------ ----          ---        ---           -------
ALL     1,116,800     1,677,312      1.50  1,201,564     1,111,168 18,326,848      100.0
FTR             0             0      0.00          0             0          0        0.0
STG             0             0      0.00          0             0          0        0.0
BG              0             0      0.00          0             0          0        0.0
AUD         4,864        10,368      2.13      5,689         2,304     24,128        0.4
HUD         9,280        24,128      2.60     11,621         8,000    415,808        0.8
SRC       411,520       652,032      1.58    420,745       139,776  1,183,296       36.8
MISC      442,176       598,144      1.35    455,136       186,688 17,374,080       39.6
OTHR      281,152       601,728      2.14    308,374        22,080    776,960       25.2
WAIT      259,712       577,152      2.22    286,390         2,304    756,736       23.3
WORK      895,296     1,263,104      1.41    911,177       356,800 17,988,288       80.2
SHDT            0             0      0.00          0             0          0        0.0
SWRM        1,408         1,472      1.05      1,389           960      3,584        0.1
GCRA      406,208       646,656      1.59    415,253       135,360  1,177,792       36.4
SCPU            0             0      0.00          0             0          0        0.0
SCAT            0             0      0.00          0             0          0        0.0
SPRM            0             0      0.00          0             0          0        0.0
SINT            0             0      0.00          0             0          0        0.0
SPHD            0             0      0.00          0             0          0        0.0
SPHC            0             0      0.00          0             0          0        0.0
MWPN            0             0      0.00          0             0          0        0.0
MITM            0             0      0.00          0             0          0        0.0
MEFX            0             0      0.00          0             0          0        0.0
MACT            0             0      0.00          0             0          0        0.0
MPRT            0             0      0.00          0             0          0        0.0
MTEX            0             0      0.00        587             0  1,006,016        0.0
MCAP            0             0      0.00          0             0          0        0.0
MPRO            0             0      0.00          0             0          0        0.0
MCAM      442,048       598,016      1.35    455,002       186,496 17,373,952       39.6
MFLS          128           192      1.50        134           128        192        0.0
GPOL          562           655      1.17        530            51        723        0.1
GVTX        1,347         1,556      1.16      1,274           175      1,743        0.1
DGSA   2,171,201,471 4,069,725,545        2,131,774,420    226,229 4,293,447,369 194,412.7
DGSB   2,223,267,474 4,055,368,550        2,158,968,673    319,904 4,294,070,849 199,074.8
WORK-H    882,880     1,251,712      1.42    899,555       347,264 17,572,480       79.1

named=893,191 (74.3% of ALL)  VBI 2:1707 3:241 4:11 5+:2 max:37 total:1961  slips=0
Wrote artifacts/performance/2026-10-05_collision-window/c1-g2.json
