Wrote artifacts/performance/2026-10-05_collision-window/c1-g1.csv
Tick-HUD buckets: target=smash64ds-p2-fourcpu-tickhud-hwtri samples=1960 frames=2..1961 melonDS=1.0 sha=DE80E46BDCF1FD98 git=422facd3b0b+dirty(31) dldi=ON

bucket p50           p95           spread mean          min        max           %ALLp50
------ ---           ---           ------ ----          ---        ---           -------
ALL     1,116,800     1,677,248      1.50  1,196,819     1,114,624 16,854,848      100.0
FTR             0             0      0.00          0             0          0        0.0
STG             0             0      0.00          0             0          0        0.0
BG              0             0      0.00          0             0          0        0.0
AUD         4,352        10,048      2.31      5,439         2,304     31,488        0.4
HUD         9,024        24,512      2.72     11,137         7,936    420,864        0.8
SRC       448,896       644,160      1.43    455,503       160,192  1,144,256       40.2
MISC      413,376       611,456      1.48    436,218       150,208 15,871,488       37.0
OTHR      273,664       562,432      2.06    288,522        23,552    792,320       24.5
WAIT      251,712       538,496      2.14    266,387         2,176    772,096       22.5
WORK      904,768     1,274,496      1.41    926,672       341,440 16,514,304       81.0
SHDT            0             0      0.00          0             0          0        0.0
SWRM        1,408         1,472      1.05      1,396           960      3,392        0.1
GCRA      443,392       635,840      1.43    450,081       155,328  1,138,880       39.7
SCPU            0             0      0.00          0             0          0        0.0
SCAT            0             0      0.00          0             0          0        0.0
SPRM            0             0      0.00          0             0          0        0.0
SINT            0             0      0.00          0             0          0        0.0
SPHD            0             0      0.00          0             0          0        0.0
SPHC            0             0      0.00          0             0          0        0.0
MWPN            0             0      0.00          0             0          0        0.0
MITM            0             0      0.00          0             0          0        0.0
MEFX            0             0      0.00          0             0          0        0.0
MACT            0             0      0.00          0             0          0        0.0
MPRT            0             0      0.00          0             0          0        0.0
MTEX            0             0      0.00        564             0  1,023,872        0.0
MCAP            0             0      0.00          0             0          0        0.0
MPRO            0             0      0.00          0             0          0        0.0
MCAM      413,248       611,328      1.48    436,083       150,080 15,871,360       37.0
MFLS          128           192      1.50        134           128        576        0.0
GPOL          482           577      1.20        469            47        621        0.0
GVTX        1,088         1,360      1.25      1,079           157      1,485        0.1
DGSA   2,156,708,599 4,108,563,968        2,140,450,557  2,648,577 4,292,117,025 193,115.0
DGSB   2,220,675,919 4,066,019,029        2,159,419,385    168,676 4,294,574,852 198,842.8
WORK-H    894,912     1,253,760      1.40    915,534       333,504 16,093,440       80.1

named=908,297 (75.9% of ALL)  VBI 2:1726 3:217 4:16 5+:2 max:34 total:1961  slips=0
Wrote artifacts/performance/2026-10-05_collision-window/c1-g1.json
