Wrote artifacts/performance/2026-10-04_lean-relaxed/gate-r1.csv
Tick-HUD buckets: target=smash64ds-p2-fourcpu-tickhud-hwtri samples=1960 frames=2..1961 melonDS=1.0 sha=DE80E46BDCF1FD98 git=71a93c22d59+dirty(18) dldi=ON

bucket p50           p95           spread mean          min        max           %ALLp50
------ ---           ---           ------ ----          ---        ---           -------
ALL     1,116,864     1,676,992      1.50  1,170,283     1,112,448  4,474,560      100.0
FTR             0             0      0.00          0             0          0        0.0
STG             0             0      0.00          0             0          0        0.0
BG              0             0      0.00          0             0          0        0.0
AUD         4,608        10,496      2.28      5,627         2,432     27,136        0.4
HUD         9,344        24,512      2.62     11,317         8,192    551,296        0.8
SRC       386,688       602,816      1.56    398,579       145,728  1,425,664       34.6
MISC      418,944       591,808      1.41    429,828       176,960  3,314,176       37.5
OTHR      311,104       608,128      1.95    324,932        23,744    779,008       27.9
WAIT      288,896       582,976      2.02    302,260         2,240    758,400       25.9
WORK      849,984     1,184,960      1.39    863,944       355,200  4,146,816       76.1
SHDT            0             0      0.00          0             0          0        0.0
SWRM        1,408         1,472      1.05      1,382           960      3,392        0.1
GCRA      381,312       597,376      1.57    393,152       141,376  1,420,416       34.1
SCPU            0             0      0.00          0             0          0        0.0
SCAT            0             0      0.00          0             0          0        0.0
SPRM            0             0      0.00          0             0          0        0.0
SINT            0             0      0.00          0             0          0        0.0
SPHD            0             0      0.00          0             0          0        0.0
SPHC            0             0      0.00          0             0          0        0.0
MWPN            0             0      0.00          0             0          0        0.0
MITM            0             0      0.00          0             0          0        0.0
MEFX            0             0      0.00          0             0          0        0.0
MACT            0             0      0.00          0             0          0        0.0
MPRT            0             0      0.00          0             0          0        0.0
MTEX            0             0      0.00        755             0  1,392,896        0.0
MCAP            0             0      0.00          0             0          0        0.0
MPRO            0             0      0.00          0             0          0        0.0
MCAM      418,752       591,616      1.41    429,671       176,768  3,314,048       37.5
MFLS          128           192      1.50        156           128        256        0.0
GPOL          597           643      1.08        551            29        675        0.1
GVTX        1,439         1,569      1.09      1,346            96      1,656        0.1
DGSA   2,221,927,571 4,052,476,767        2,144,070,467    408,983 4,294,514,885 198,943.4
DGSB   2,229,679,774 4,052,096,565        2,163,259,781    888,730 4,293,852,712 199,637.5
WORK-H    839,104     1,171,520      1.40    852,627       345,664  3,595,520       75.1

named=845,351 (72.2% of ALL)  VBI 2:1788 3:162 4:10 5+:1 max:8 total:1961  slips=0
Wrote artifacts/performance/2026-10-04_lean-relaxed/gate-r1.json
