Wrote artifacts/performance/2026-10-06_item-replay-saffron/gate-q48.csv
Tick-HUD buckets: target=smash64ds-p2-fourcpu-tickhud-hwtri samples=1960 frames=2..1961 melonDS=1.0 sha=DE80E46BDCF1FD98 git=37aac808d40+dirty(31) dldi=ON

bucket p50           p95           spread mean          min        max           %ALLp50
------ ---           ---           ------ ----          ---        ---           -------
ALL     1,116,864     1,118,144      1.00  1,139,905     1,111,424  4,329,088      100.0
FTR             0             0      0.00          0             0          0        0.0
STG             0             0      0.00          0             0          0        0.0
BG              0             0      0.00          0             0          0        0.0
AUD         4,992        10,496      2.10      5,792         2,496     29,952        0.4
HUD         9,152        24,384      2.66     12,156         8,064    374,464        0.8
SRC       323,776       532,544      1.64    338,384       123,648  1,093,440       29.0
MISC      395,904       506,176      1.28    398,334       170,432  3,372,800       35.4
OTHR      383,872       649,856      1.69    385,239        25,728    809,280       34.4
WAIT      362,240       626,112      1.73    364,217         4,224    789,760       32.4
WORK      759,168     1,070,272      1.41    771,819       323,648  3,997,248       68.0
SHDT      657,279       946,495      1.44    673,323       282,239  2,051,327       58.9
SWRM        1,280         1,344      1.05      1,282           832      3,328        0.1
GCRA      318,464       527,424      1.66    333,197       119,168  1,083,904       28.5
SCPU            0             0      0.00          0             0          0        0.0
SCAT            0             0      0.00          0             0          0        0.0
SPRM            0             0      0.00          0             0          0        0.0
SINT            0             0      0.00          0             0          0        0.0
SPHD            0             0      0.00          0             0          0        0.0
SPHC            0             0      0.00          0             0          0        0.0
MWPN            0             0      0.00          0             0          0        0.0
MITM            0             0      0.00          0             0          0        0.0
MEFX            0             0      0.00          0             0          0        0.0
MACT            0             0      0.00          0             0          0        0.0
MPRT            0             0      0.00          0             0          0        0.0
MTEX            0             0      0.00        385             0    665,344        0.0
MCAP            0             0      0.00          0             0          0        0.0
MPRO            0             0      0.00          0             0          0        0.0
MCAM      395,840       506,112      1.28    398,248       170,304  3,372,736       35.4
MFLS           64           128      2.00         86            64        128        0.0
GPOL          579           635      1.10        528            29        691        0.1
GVTX        1,391         1,538      1.11      1,289            96      1,696        0.1
DGSA   2,248,335,339 4,075,150,473        2,175,121,965  1,678,878 4,293,768,656 201,307.9
DGSB   2,199,387,508 4,042,030,381        2,153,908,362  2,771,092 4,294,399,859 196,925.3
WORK-H    748,032     1,057,280      1.41    759,663       315,264  3,622,784       67.0

named=754,666 (66.2% of ALL)  VBI 2:1888 3:69 4:3 5+:1 max:8 total:1961  slips=0
Wrote artifacts/performance/2026-10-06_item-replay-saffron/gate-q48.json
