Wrote artifacts/performance/2026-10-06_item-replay-saffron/sz-q48.csv
Tick-HUD buckets: target=smash64ds-p2-fourcpu-tickhud-hwtri samples=1960 frames=2..1961 melonDS=1.0 sha=DE80E46BDCF1FD98 git=37aac808d40+dirty(31) dldi=ON

bucket p50           p95           spread mean          min        max           %ALLp50
------ ---           ---           ------ ----          ---        ---           -------
ALL     1,116,864     1,677,056      1.50  1,167,109     1,114,816 12,831,360      100.0
FTR             0             0      0.00          0             0          0        0.0
STG             0             0      0.00          0             0          0        0.0
BG              0             0      0.00          0             0          0        0.0
AUD         4,480         9,664      2.16      5,498         2,560     30,144        0.4
HUD         8,960        24,064      2.69     10,715         8,064    343,936        0.8
SRC       402,112       612,096      1.52    412,621       144,128    998,336       36.0
MISC      404,928       556,352      1.37    418,705       147,456 11,951,680       36.3
OTHR      314,048       549,888      1.75    319,570        23,616    808,512       28.1
WAIT      292,352       526,656      1.80    298,062         2,752    788,864       26.2
WORK      846,592     1,181,504      1.40    865,283       324,800 12,495,936       75.8
SHDT      768,127     1,088,895      1.42    788,620       283,071 12,108,287       68.8
SWRM        1,216         1,280      1.05      1,213           832      3,072        0.1
GCRA      396,992       606,336      1.53    407,571       139,776    993,280       35.5
SCPU            0             0      0.00          0             0          0        0.0
SCAT            0             0      0.00          0             0          0        0.0
SPRM            0             0      0.00          0             0          0        0.0
SINT            0             0      0.00          0             0          0        0.0
SPHD            0             0      0.00          0             0          0        0.0
SPHC            0             0      0.00          0             0          0        0.0
MWPN            0             0      0.00          0             0          0        0.0
MITM            0             0      0.00          0             0          0        0.0
MEFX            0             0      0.00          0             0          0        0.0
MACT            0             0      0.00          0             0          0        0.0
MPRT            0             0      0.00          0             0          0        0.0
MTEX            0             0      0.00        580             0  1,053,376        0.0
MCAP            0             0      0.00          0             0          0        0.0
MPRO            0             0      0.00          0             0          0        0.0
MCAM      404,864       556,288      1.37    418,619       147,328 11,951,552       36.3
MFLS           64           128      2.00         87            64        128        0.0
GPOL          479           563      1.18        468            47        604        0.0
GVTX        1,076         1,326      1.23      1,067           157      1,414        0.1
DGSA   1,982,771,384 4,076,567,827   2.06 2,069,991,562  1,144,501 4,290,014,124 177,530.2
DGSB   1,945,106,396 4,046,197,795   2.08 2,047,100,960  1,419,697 4,294,662,282 174,157.9
WORK-H    837,568     1,168,384      1.39    854,568       316,288 12,152,000       75.0

named=847,539 (72.6% of ALL)  VBI 2:1814 3:137 4:9 5+:1 max:27 total:1961  slips=0
Wrote artifacts/performance/2026-10-06_item-replay-saffron/sz-q48.json
