frame,ALL,FTR,STG,BG,AUD,HUD,SRC,MISC,OTHR,WAIT,WORK,SHDT,SWRM,GCRA,SCPU,SCAT,SPRM,SINT,SPHD,SPHC,WORK-H
439,1117248,307264,183552,4224,1600,1088,323392,96960,199168,179904,937344,4736,1024,318016,76800,1280,1984,177088,55744,640,936256
440,1117824,307840,180992,4224,1600,1088,276736,96960,248384,229056,888768,4800,1088,271168,29056,1216,1984,129920,56576,640,887680
441,1117504,309440,182400,4288,1600,1024,273152,97088,248512,229312,888192,4736,1024,267648,29568,1344,2048,127680,55488,704,887168
442,1118272,304000,182272,4352,1536,1024,276736,97152,251200,231424,886848,4800,1024,271168,28992,1344,1984,132416,54720,640,885824
443,1117056,307264,180224,4288,1536,1024,276160,96896,249664,230528,886528,4544,1152,270656,29440,1280,1920,131392,55296,512,885504
444,1678336,307264,180800,4352,1600,410816,275456,97088,400960,381568,1296768,4864,1024,270080,29696,1344,2112,129856,55424,576,885952
445,1677440,303872,183040,4160,2816,1088,596864,124288,461312,442240,1235200,174208,1024,591296,30080,1344,2048,225408,98880,704,1234112
446,1678400,305024,180480,4288,127552,1088,456576,107968,495424,476032,1202368,173888,1024,450752,26752,1216,2112,126208,55680,768,1201280
447,1677632,303552,185280,4288,2688,1024,605120,227072,348608,329280,1348352,92224,1024,599616,50112,1280,2048,348288,63744,640,1347328
448,1677824,302464,186368,4288,2560,1024,513792,195392,471936,452608,1225216,179904,960,508160,9856,1408,2112,175168,55424,704,1224192
449,1677952,305088,183744,4288,2688,1088,448960,186752,545344,525824,1152128,186048,1024,443456,960,1344,2048,90304,55296,704,1151040
450,1677952,301632,183360,4352,2624,1088,513728,329408,341760,322368,1355584,99776,1088,508160,896,1472,135680,97152,55936,640,1354496
451,1677632,302784,182656,4288,2752,960,445888,328960,409344,390144,1287488,168448,960,440320,832,1216,1920,104704,55616,576,1286528
452,1678272,301632,182976,4352,2752,1024,448512,329920,407104,387712,1290560,168768,1024,442880,896,1408,1984,107328,56768,640,1289536
453,1677632,303488,185536,4288,4864,1088,504064,329728,344576,325248,1352384,168320,1024,498560,832,1344,1856,156160,56512,704,1351296
454,1677824,301376,183552,4224,3264,413056,438592,274496,59264,39680,1638144,170752,1024,433152,832,1408,1920,95872,56000,768,1225088
455,1677888,303744,182592,4288,1600,1024,452608,275392,456640,437312,1240576,168512,1024,446848,896,1280,1984,114560,55872,640,1239552
456,2238272,314112,182848,4160,2944,72064,1004864,196928,460352,441024,1797248,43840,960,999040,896,1216,551808,72192,54656,640,1725184
457,1117632,309440,181632,4224,2880,1088,292224,200128,126016,106624,1011008,4736,1088,286592,1280,1152,1856,136256,54656,768,1009920
458,1118016,307136,183680,4288,2816,1088,242816,197568,178624,158976,959040,5376,1088,237248,8896,1344,1984,75712,54144,640,957952
459,1117248,305984,182336,4224,2816,1024,226752,200896,193216,174080,943168,4736,1088,221312,1344,1152,2176,72768,53952,704,942144
460,1117824,311296,183424,4416,2944,1152,303744,208256,102592,83328,1034496,5056,1024,298176,49472,1280,1984,147264,54208,512,1033344
461,1117504,307840,188416,4288,2816,1024,264704,206784,141632,122624,994880,5184,1024,259200,896,1344,2048,106240,57472,640,993856
462,1678208,310272,182080,4480,127424,1088,281600,210688,560576,540608,1137600,4864,1024,275904,896,1280,1920,121600,57024,576,1136512
463,1117824,310400,181056,4224,2944,1024,260992,134400,222784,203200,914624,4608,1024,255488,832,1344,2176,101952,57024,576,913600
464,1117184,307200,182720,4288,2752,1088,286272,139840,193024,173952,943232,4672,1024,280768,1472,1344,2112,130688,56896,640,942144
465,1117888,309056,181696,4288,2752,1088,375296,140096,103616,84224,1033664,4928,1088,369856,8832,1216,2112,218816,56896,576,1032576
466,1117632,308928,183808,4160,2816,1024,322304,135552,159040,139840,977792,4800,1088,316864,832,1152,2048,165824,56512,640,976768
467,1677824,307072,179264,4288,2816,475648,245952,131264,331520,311680,1366144,4608,960,240640,832,1216,1856,93504,54592,704,890496
468,1117504,309440,181504,4288,2816,1152,246080,119808,252416,233024,884480,4672,960,240704,960,1344,1920,93824,56704,576,883328
469,1117312,305856,181056,4224,2752,1088,245632,118144,258560,239552,877760,5312,1024,240256,960,1344,2176,93952,57344,704,876672
470,1117888,309056,180736,4096,2816,1024,244800,104896,270464,250944,866944,4544,1024,239296,960,1216,1920,96128,55360,704,865920
471,1117568,307328,179456,4224,2816,1152,370944,103936,147712,128512,989056,4992,960,365632,1408,1344,1920,222208,56896,704,987904
472,1678080,304320,181504,4288,2944,1088,660992,115776,407168,387840,1290240,194496,896,655552,1536,1152,1984,275584,101760,704,1289152
473,1677568,304448,182720,4288,2880,1088,534208,106944,540992,521728,1155840,209344,960,528576,49792,1344,2112,148672,87744,704,1154752
474,1677952,302976,181760,4224,3008,1088,526208,107584,551104,531712,1146240,213632,1152,520896,1472,1280,1984,117504,108224,640,1145152
475,1677824,306688,181888,4224,2880,1088,542400,97600,541056,521728,1156096,193920,1088,536640,30016,1152,2048,150464,110720,576,1155008
476,1677696,303360,182784,4224,5184,1088,542272,98176,540608,521664,1156032,194432,1216,536704,32064,1408,2112,144000,117952,768,1154944
477,1118464,304512,181888,4352,5312,1024,502528,97408,21440,1280,1117184,166336,1024,497088,30016,1280,2048,140544,109632,704,1116160
478,1117568,304320,181888,4288,2880,1088,344384,97408,181312,161856,955712,7808,1024,338624,29696,1280,2112,138496,112704,640,954624
479,1678080,304576,181120,4288,4032,413888,345024,98560,326592,306432,1371648,7936,1024,339456,29312,1216,1984,142272,109376,640,957760
480,1117056,304512,180736,4352,130880,1024,345984,98368,51200,31616,1085440,8064,960,340480,29632,1344,1920,136960,111424,640,1084416
481,1117504,304192,181888,4224,2880,1088,439232,86272,97728,78784,1038720,7872,1088,433664,54272,1344,1792,236416,109568,512,1037632
482,1117632,304960,182592,4224,2880,1088,374016,85824,162048,142912,974720,7872,1024,368320,69376,1216,2048,172864,108480,704,973632
483,1117824,309632,180672,4224,2816,1088,342592,84416,192384,172992,944832,4736,1024,337088,69312,1216,1856,175808,78784,576,943744
484,1117504,310656,181184,4288,2752,1088,352000,85248,180288,161152,956352,4608,1024,346560,73024,1280,1792,183552,80000,640,955264
485,1117952,307392,179648,4352,2816,1088,348736,86080,187840,168448,949504,4608,960,343168,73024,1344,2048,180480,79168,640,948416
486,1117952,307072,180160,4352,2624,1088,349504,86336,186816,167232,950720,4480,1024,344064,73344,1280,1920,181888,79104,640,949632
487,1117696,308672,182656,4352,2752,1024,354048,84992,179200,159424,958272,4672,1088,348416,73216,1408,2112,183232,81344,512,957248
488,1117376,306816,181120,4352,2816,1088,351808,85760,183616,164416,952960,4928,1088,346240,69760,1408,2304,183104,79616,640,951872
489,1117760,310848,180992,4224,2816,1024,365312,85568,166976,147456,970304,4672,896,359936,85568,1408,2112,193024,83840,512,969280
490,1117440,308224,179840,4352,2624,1152,380736,85824,154688,134848,982592,4672,960,375424,105216,1216,2048,212544,79808,576,981440
491,1118016,308480,182080,4288,2624,1088,449920,86528,83008,63488,1054528,4416,1088,444352,105472,1344,2048,280640,80576,704,1053440
492,1117376,307200,181248,4288,2624,1024,367168,85888,167936,148672,968704,4608,960,361856,106048,1280,2048,198912,79552,640,967680
493,1678016,304512,181376,4416,2752,1024,520896,97216,565824,546240,1131776,4608,960,515456,108160,1280,1984,202112,229952,640,1130752
494,1678080,308352,183040,4288,5056,417344,369856,106560,283584,263680,1414400,4736,1024,364288,124608,1344,2240,218816,56000,640,997056
495,1117568,309952,181568,4352,3968,1088,370240,105536,140864,121216,996352,4864,1088,364736,123200,1344,1984,221888,56320,640,995264
496,1117440,307904,182272,4352,4928,1024,367360,106304,143296,123648,993792,4736,896,361792,123392,1280,2048,217856,56960,768,992768
497,1118016,308672,182656,4416,4928,72704,367168,107200,70272,50368,1067648,4800,960,361728,123392,1408,1920,219520,55488,640,994944
498,1117504,307520,181248,4288,3392,1024,367232,105536,147264,127680,989824,4864,1088,361728,123072,1408,1920,219968,55360,640,988800
499,1117632,307904,181120,4416,1728,1088,371328,105152,144896,125824,991808,4736,896,365760,122304,1408,1920,224064,54784,768,990720
500,1117504,308224,179840,4224,1536,1088,371072,106880,144640,124992,992512,5184,1024,365440,123776,1344,1856,222272,56128,640,991424
501,1678272,309824,181760,4352,126976,1024,372992,105216,576128,556288,1121984,4480,1088,367552,123200,1408,1920,224704,56384,768,1120960
502,1117696,306880,181184,4224,1536,1024,365696,106368,150784,130816,986880,4928,960,360256,122944,1216,2048,217600,56320,704,985856
503,1117504,308160,181184,4288,1664,1088,375808,106176,139136,119488,998016,4736,960,370176,130752,1472,1920,227648,56256,704,996928
504,1117376,306816,182592,4352,1664,1088,379008,106048,135808,116480,1000896,4736,1088,373312,129024,1408,1856,231168,56128,640,999808
505,1117632,308480,181504,4288,1600,1152,370432,105472,144704,125632,992000,4928,1024,365120,125824,1408,2176,222016,56064,640,990848
506,1677824,307712,184000,4352,1600,1024,543936,104704,530496,511232,1166592,4672,1152,538432,99392,1344,2048,396608,55744,640,1165568
507,1117504,307968,181248,4416,1664,1024,354112,106624,160448,141312,976192,4672,960,348608,98304,1408,1856,206784,55936,640,975168
508,1678336,309120,181120,4224,1600,413312,323584,86080,359296,339072,1339264,4992,960,318272,69632,1344,1920,174336,56448,768,925952
509,1117696,307264,180544,4352,1664,1088,473088,85376,64320,44416,1073280,4672,1088,467648,126976,1408,2112,328768,55552,640,1072192
510,1117056,305984,179136,4224,1600,1024,302592,85120,237376,218240,898816,5056,1024,297024,36096,1280,2176,157120,56256,704,897792
511,1117568,308736,180032,4160,1664,1088,272640,86144,263104,243840,873728,4672,1088,267200,35328,1216,2112,128000,55808,704,872640
512,1117888,306624,181248,4224,1600,1088,273984,86016,263104,243904,873984,4928,1024,268544,35328,1472,2112,128448,56320,512,872896
513,1117568,307456,182656,4288,1600,1088,273792,84032,262656,243328,874240,4736,960,268288,34624,1344,2176,131008,54464,640,873152
514,1117696,309568,180096,4288,1536,1024,276288,85056,259840,240704,876992,4800,1024,270784,35008,1280,1920,132032,56384,768,875968
515,1117888,307136,180736,4224,1728,1088,340800,86208,195968,176960,940928,4544,1024,335232,37376,1280,1920,195072,56896,704,939840
516,1117568,308160,181184,4352,1536,1024,353984,86016,181312,161920,955648,4928,1088,348480,34432,1216,2048,209600,56000,640,954624
517,1117568,309184,179712,4224,1536,1024,285888,85248,250752,231232,886336,4928,1088,280576,34624,1216,1792,140992,56768,640,885312
518,1117888,305216,179520,4288,1664,960,352704,84864,188672,168960,948928,4672,960,347264,35392,1280,2048,208064,56384,832,947968
519,1117824,307968,182400,4288,1600,1024,391744,86016,142784,123200,994624,4608,1024,386432,36928,1280,2048,246144,56704,704,993600
520,1677888,307712,184192,4224,2688,1024,587712,106240,484096,464448,1213440,4608,1024,582336,37440,1280,2112,407936,86720,448,1212416
521,1678272,300736,181312,4224,128256,1024,629056,110464,323200,303232,1375040,4672,960,623616,86080,1472,1856,437952,98432,640,1374016
522,1677632,305536,181184,4224,2816,413184,337088,119232,314368,294720,1382912,4480,960,331520,54528,1216,1920,146240,93952,640,969728
523,1117184,343616,182592,4224,2688,1024,441024,119744,22272,2816,1114368,4288,1024,435584,75584,1408,1920,251968,95104,576,1113344
524,1117760,333824,180608,4352,2944,1088,375232,120256,99456,79936,1037824,4480,1088,369728,93440,1344,2048,186880,94720,640,1036736
525,1117952,332096,184704,4288,2816,1088,396672,117824,78464,59200,1058752,4288,1152,391168,112768,1280,1920,206464,96576,640,1057664
526,1117504,334272,180160,4352,2816,1088,394048,119360,81408,61824,1055680,4288,1088,388416,112384,1280,2048,205888,94528,576,1054592
527,1678080,337600,183104,4352,2752,72064,397184,122496,558528,539072,1139008,4480,960,391680,114816,1216,1984,212608,91392,704,1066944
528,1117696,333504,183488,4288,2816,1088,397568,119936,75008,55360,1062336,4736,1024,392064,114496,1344,1920,211584,91904,576,1061248
529,1117760,336576,181952,4224,2816,1088,398720,118720,73664,54016,1063744,4608,1088,393088,115264,1280,2048,212800,92480,640,1062656
530,1677888,335360,183808,4352,3072,1152,683712,148736,317696,298176,1379712,6656,1024,678144,115712,1536,1920,447936,103104,704,1378560
531,1678016,332800,182144,4352,2944,1088,435904,148224,570560,550784,1127232,6976,1024,430400,116480,1536,2112,209600,92992,704,1126144
532,1117440,333120,182656,4416,5056,1088,411392,140800,38912,19712,1097728,6656,1024,405888,90176,1344,1984,186944,91584,704,1096640
533,1117952,331904,183872,4352,4224,1088,398592,141440,52480,32832,1085120,7104,1088,393152,68800,1408,1984,168448,98624,512,1084032
534,1117696,335808,180352,4288,2880,1152,392384,129984,70848,51456,1066240,6464,1088,386880,70720,1344,1984,168576,90752,704,1065088
535,1678016,336000,183360,4288,2816,414336,385408,124288,227520,207552,1470464,6656,1152,379776,67520,1280,2048,162176,91840,640,1056128
536,1117760,334720,183744,4352,4992,1088,385984,109888,92992,73536,1044224,6592,960,380416,65600,1408,2240,163456,91520,768,1043136
537,1117952,336128,182848,4352,3904,1088,383232,109568,96832,76992,1040960,6592,960,377664,66176,1344,1984,163776,91456,704,1039872
538,1117184,333632,186624,4352,2752,1024,408000,110080,70720,51136,1066048,6720,960,402560,66560,1280,1920,167616,91648,704,1065024
539,1117376,332800,189440,4352,2880,1024,392960,110464,83456,64064,1053312,6656,1088,387456,66112,1472,2048,164160,89920,576,1052288
540,1677824,310528,188736,4224,2880,1024,536128,118400,515904,496704,1181120,7296,1024,530624,64960,1280,2112,162624,226944,896,1180096
541,1678208,306176,189568,4416,129664,1024,354112,118848,574400,554112,1124096,6656,1024,348480,31808,1280,2176,133440,77248,704,1123072
542,1117696,306368,187648,4352,4032,1088,436544,117696,59968,40384,1077312,6592,1024,430720,31744,1344,2048,214208,77376,576,1076224
543,1117440,306368,186560,4288,2752,1088,352640,117952,145792,126400,991040,6720,896,347200,31360,1472,2048,130816,77568,448,989952
544,1118016,305792,188928,4288,2816,1088,356608,108096,150400,131072,986944,6976,1024,351168,31168,1344,1984,132352,77952,512,985856
545,1117568,305536,183360,4352,2880,1024,337472,108928,174016,154368,963200,6720,1024,331904,31424,1280,2048,131200,76736,640,962176
546,1117696,305728,182784,4224,2752,1088,341888,108928,170304,151296,966400,6592,1088,336256,30848,1408,2048,134592,76608,768,965312
547,1117504,306240,182656,4288,2752,1088,471872,107456,41152,22144,1095360,6912,1088,466496,31488,1344,2176,264320,77376,768,1094272
548,1117824,307136,180928,4352,2752,1088,385024,94784,141760,122816,995008,7104,960,379520,31680,1408,1984,179008,77184,640,993920
549,1678080,307264,187008,4288,2688,417856,422080,94336,242560,222976,1455104,6976,1024,416448,32320,1472,2048,189952,77056,640,1037248
550,1677888,303296,189888,4352,2816,1088,558912,110464,507072,487424,1190464,6720,1024,553408,76352,1408,1920,323520,94144,640,1189376
551,1117504,305280,189888,4288,2880,1088,398080,115136,100864,81664,1035840,6336,1024,392512,67456,1472,1856,156992,96768,704,1034752
552,1117568,305024,186752,4352,5120,1088,406848,116160,92224,72768,1044800,6656,1088,401152,72512,1216,1984,169344,93696,640,1043712
553,1678016,304896,190272,4352,3968,1024,625216,123712,424576,404992,1273024,6656,960,619840,80192,1408,1984,371712,109952,832,1272000
554,1117504,306688,190912,4224,2944,1152,431744,123200,56640,37056,1080448,6912,1024,425984,82240,1408,2048,187712,99520,512,1079296
555,1117568,305664,189376,4288,4096,1024,418752,124608,69760,50496,1067072,6400,1024,412864,78528,1344,2048,180352,98944,768,1066048
556,1117888,305280,183424,4416,4992,1088,415104,130944,72640,53440,1064448,6912,1088,409536,76928,1472,2112,175616,106368,768,1063360
557,1678592,307328,182848,4352,4224,72512,409280,132544,565504,545024,1133568,6656,896,404032,76352,1280,1984,178304,97600,576,1061056
558,1117120,303040,184000,4288,2880,1088,403584,130816,87424,68160,1048960,6976,1024,398080,75264,1280,1920,171840,99200,640,1047872
559,1117760,303296,179328,4288,2752,1024,395008,131328,100736,81536,1036224,6336,1024,389696,75008,1344,1920,165440,96576,768,1035200
560,1677568,304704,182720,4352,129792,960,399104,130624,525312,505856,1171712,6336,1024,393536,75200,1280,2048,164096,103872,576,1170752
561,1118016,304576,181120,4288,4800,960,396352,122304,103616,83968,1034048,6784,960,390720,75904,1408,1856,169280,94976,704,1033088
562,1678272,306048,185728,4224,5632,412992,379520,113344,270784,250496,1427776,5760,960,374144,77312,1344,1920,166720,97856,640,1014784
563,1117120,306112,181568,4288,4864,1152,350400,113792,154944,135680,981440,4352,1024,344704,68032,1408,1856,162816,94336,640,980288
564,1117568,305216,182720,4224,1664,1024,352000,106624,164096,144512,973056,4480,1024,346560,67968,1408,1984,164224,94592,768,972032
565,1117888,304832,183744,4416,1600,1152,349952,86144,186048,166976,950912,4416,960,344704,68544,1344,2112,163392,94464,832,949760
566,1118016,306432,180032,4288,1664,1088,346688,85952,191872,172672,945344,4288,1088,341184,67840,1280,1920,164480,94144,704,944256
567,1117440,306304,180736,4352,1664,1088,343744,86144,193408,174016,943424,4800,1088,338112,68032,1344,1984,160832,94208,704,942336
568,1117504,306752,180928,4224,2176,1088,481408,100160,40768,21440,1096064,4608,1024,476032,72000,1344,2048,171392,221440,704,1094976
569,1117952,307712,182976,4416,4864,1024,341184,98816,176960,157440,960512,4800,960,335872,73664,1344,1984,174080,75776,768,959488
570,1117760,306688,182336,4416,4800,1088,438784,99712,79936,60288,1057472,4544,1024,433344,73984,1344,2048,271488,76096,704,1056384
571,1117632,308736,182080,4416,3328,1024,341184,100032,176832,157440,960192,4928,1024,335808,73856,1280,1856,173696,75584,704,959168
572,1117504,307968,180672,4416,1600,1152,340992,98624,182080,162624,954880,4608,1024,335552,73216,1280,2112,172416,77632,640,953728
573,1117504,305728,181440,4288,1664,1024,345536,99968,177856,159104,958400,4416,960,340224,73536,1344,1920,178880,76096,640,957376
574,1118080,309248,182784,4352,1600,1088,340416,99456,179136,159552,958528,4736,1024,335168,73344,1344,1920,172928,76608,704,957440
575,1117376,308096,180032,4224,1664,1024,350848,99200,172288,152896,964480,4736,1024,345344,72576,1344,2240,180992,78400,768,963456
576,1117696,305600,182272,4352,1536,1024,344320,85184,193408,174272,943424,4416,1088,338752,73728,1344,2112,175552,77440,640,942400
577,1678848,305984,182016,4352,1600,415616,350656,85632,332992,312832,1366016,4992,1088,345216,73088,1408,2112,180096,81216,768,950400
578,1116992,305216,183424,4352,1664,1088,411072,86272,123904,104512,1012480,4736,960,405760,76736,1280,1920,242624,80192,640,1011392
579,1117568,306304,180288,4352,1664,1088,347840,85888,190144,170688,946880,4800,960,342400,81152,1280,1984,180096,78272,576,945792
580,1117952,312704,181440,4224,2176,1024,443200,99072,74112,54912,1063040,4800,960,437824,81856,1280,2112,183232,171200,704,1062016
581,1117632,308096,182208,4416,129984,1088,314944,98944,77952,58432,1059200,4736,1024,309312,58368,1280,2048,167232,56192,576,1058112
582,1118016,307328,182592,4352,4864,1088,376832,99648,141312,121664,996352,4736,1024,371264,35968,1344,2176,228160,56960,576,995264
583,1117760,308160,181376,4352,3328,1088,286912,99776,232768,212864,904896,4672,1088,281600,35456,1408,2048,137472,58304,512,903808
584,1117376,306752,180544,4352,1664,1024,295360,99456,228224,208640,908736,4800,896,290048,36160,1280,1920,148096,56384,640,907712
585,1117760,306368,182464,4288,1600,1088,299200,98624,224128,204736,913024,4928,1152,293568,35968,1344,2048,150976,56832,576,911936
586,1117632,308288,181824,4224,1536,1088,323200,99776,197696,178304,939328,4800,1024,317888,64384,1280,1984,175808,56704,576,938240
587,1117824,309248,182976,4352,1600,72256,259648,102336,185408,165696,952128,4736,1088,254144,1024,1216,2240,112128,56832,704,879872
588,1117440,307456,180480,4352,1600,1088,383040,86720,152704,133504,983936,4928,1024,377600,896,1344,1984,232000,58944,576,982848
589,1117760,308352,179264,4352,1536,1088,239104,86464,297600,278400,839360,4736,960,233728,896,1408,2112,94784,56448,576,838272
590,1117568,308416,182656,4288,1600,1088,390400,86144,142976,123776,993792,4992,1024,384896,2432,1280,2048,243648,58048,768,992704
591,1117824,306304,181120,4288,1600,960,287552,86592,249408,229760,888064,4928,1024,282176,23744,1344,1920,141248,57792,512,887104
592,1677888,308288,181568,4288,1664,413888,346688,85696,335808,316096,1361792,4672,1024,341056,960,1280,2048,177088,81408,576,947904
593,1117504,312576,180544,4288,1536,1088,283584,85952,247936,228096,889408,4672,1088,278080,960,1472,2048,115968,79424,768,888320
594,1117504,305728,180480,4416,1600,1088,275840,87104,261248,241600,875904,4608,960,270400,896,1216,1984,109056,78784,640,874816
595,1117248,308224,180608,4224,1664,1024,273408,86016,262080,242880,874368,4800,960,268032,960,1280,1920,107008,78400,704,873344
596,1117760,308160,180992,4288,1600,1088,359104,86144,176384,156992,960768,4736,1088,353536,1280,1280,1984,189824,80512,576,959680
597,1118208,307840,180352,4288,1600,1024,355328,86144,181632,161920,956288,4736,1024,349824,2432,1280,1984,181376,84992,576,955264
598,1677248,302144,179264,4352,2304,1024,554240,97344,536576,517120,1160128,4800,1024,548800,49856,1344,2112,365824,99328,768,1159104
599,1117888,303040,182080,4288,2752,1088,309952,105984,208704,189888,928000,4288,960,304384,25408,1280,1920,120512,95040,640,926912
600,1117696,308096,180672,4352,2752,1088,328704,106304,185728,166528,951168,4480,1024,323200,48384,1344,1920,142528,94528,704,950080
601,1117824,304512,186624,4160,2944,1024,419008,112960,86592,67200,1050624,4608,960,413696,48128,1344,1856,221440,104704,704,1049600
602,1117568,305792,182720,4224,130048,1088,292864,114432,86400,66816,1050752,4480,1088,287552,768,1344,2048,101696,97792,704,1049664
603,1117568,306432,183552,4288,3072,1088,379072,114752,125312,106432,1011136,4608,1024,373440,1152,1472,1920,180160,104704,640,1010048
604,1117760,307264,181248,4288,5120,1088,287552,112128,219072,200000,917760,4608,960,282176,1280,1344,1856,97728,96960,576,916672
605,1678208,312128,180288,4224,2880,71744,757248,131392,218304,198464,1479744,256640,896,751744,24768,1408,129024,154304,101376,704,1408000
606,1677504,311232,181696,4224,2816,411712,190848,131136,443840,424256,1253248,5184,1024,185536,704,1344,1792,7744,84672,512,841536
607,1117824,310528,183808,4224,2752,1088,188800,137088,289536,270400,847424,5440,1088,183424,1344,1152,1856,8192,84096,640,846336
608,1117248,309568,181184,4352,5056,1088,186368,136960,292672,273280,843968,5312,1088,180928,1344,1216,1856,8192,83456,704,842880
609,1117760,309376,182144,4352,4864,1024,310272,129152,176576,157184,960576,5504,1024,304768,42432,1152,1984,107136,107072,576,959552
610,1117568,304640,182656,4288,4032,1024,380864,128192,111872,92352,1025216,5504,960,375552,46208,1344,1984,161408,123776,768,1024192
611,1117632,306432,181568,4416,2752,1024,371392,121472,128576,108928,1008704,5056,1152,366144,46848,1472,2112,151488,124032,576,1007680
612,1117760,305920,182464,4352,2752,1024,369600,121600,130048,110528,1007232,5440,1024,364096,47296,1280,1920,147968,126528,704,1006208
613,1117440,306496,182016,4288,2752,1024,403456,102272,115136,95872,1021568,5376,960,398336,86336,1216,1856,184448,124672,640,1020544
614,1118144,307520,181760,4288,2752,1088,360576,86208,173952,154368,963776,5696,1024,355136,46720,1344,1984,143680,124608,576,962688
615,1117440,304064,181248,4224,2688,960,358208,86336,179712,160512,956928,4992,1024,352768,46656,1280,2176,144832,123904,640,955968
616,1117952,308160,181568,4352,2624,1088,354240,86592,179328,159488,958464,5312,960,348992,46400,1152,2176,138880,125696,640,957376
617,1117952,306112,179392,4288,2624,71744,361856,87616,104320,84224,1033728,5312,960,356416,47872,1344,2048,148544,124160,576,961984
618,1117376,303616,181440,4352,2624,1024,462080,85440,76800,57152,1060224,5376,1024,456896,132544,1408,1920,241600,130816,768,1059200
619,1117440,304256,181312,4160,2560,1088,446016,86272,91776,72384,1045056,5248,1024,440640,132032,1216,1984,232192,123968,768,1043968
620,1117632,306304,180992,4416,2624,960,450560,86336,85440,66112,1051520,4800,1024,445184,130240,1280,1920,238272,123648,704,1050560
621,1678208,306176,180864,4288,2688,411328,455808,85248,231808,211776,1466432,5120,1024,450432,133952,1344,1856,240000,126592,576,1055104
622,1117376,310336,181248,4352,2624,1088,462720,85184,69824,50176,1067200,5120,1024,457152,130048,1216,2112,249408,123968,512,1066112
623,1677888,306176,179392,4352,129472,1152,498304,85952,473088,452992,1224896,4416,1024,492736,123392,1152,1984,310080,100032,512,1223744
624,1678016,306176,181184,4160,2816,1088,552640,100160,529792,510080,1167936,4608,1024,547008,74688,1280,2048,358656,104704,576,1166848
625,1117568,308608,181824,4352,2816,1088,354368,100352,164160,144576,972992,4608,1088,348864,71296,1280,2048,165568,97600,640,971904
626,1117888,309696,182272,4352,2880,1088,352576,98624,166400,146560,971328,4544,1088,347072,71552,1280,2048,165248,96448,512,970240
627,1116800,306368,181888,4160,2816,1088,447424,107456,65600,46528,1070272,4800,1024,441920,30272,1280,1920,263808,91776,640,1069184
628,1678656,308608,182208,4288,3008,71680,579968,131008,397888,378176,1300480,187200,1024,574528,29504,1280,109568,91776,100096,512,1228800
629,1117568,307008,181120,4224,5056,1088,244608,133184,241280,222016,895552,4992,960,239040,69056,1088,1664,78208,68096,704,894464
630,1117504,307520,182656,4288,5248,1088,200320,129728,286656,266880,850624,4608,1024,194752,28736,1088,1856,36736,68224,768,849536
630,1678144,304832,181376,4160,2944,1024,546496,135424,501888,482368,1195776,4672,1024,540992,30272,1280,1920,339328,112576,576,1194752
631,1117184,303744,182976,4288,2944,1088,393600,126208,102336,83136,1034048,4864,1088,387968,72576,1344,1984,194304,103296,576,1032960
632,1117824,302528,180800,4288,2944,1024,446912,123200,56128,36672,1081152,91904,960,441472,30272,1280,1920,151104,114752,576,1080128
633,1678272,307648,182464,4352,3008,472960,486528,133888,87424,67392,1610880,112512,1024,480960,27200,1216,101440,94656,87296,640,1137920
634,1117120,308416,181120,4288,2944,1088,202752,121344,295168,275968,841152,4928,896,197312,26816,1216,1920,35328,68608,832,840064
635,1678144,306688,180480,4224,3200,72128,451008,131136,529280,509824,1168320,39104,1088,445376,63424,1216,100928,128256,87488,832,1096192
636,1117312,304064,180672,4288,3136,1024,199680,124288,300160,281216,836096,5056,1088,194176,26112,1152,1792,34688,67904,768,835072
637,1117696,304960,181312,4288,3136,1088,207488,125184,290240,270912,846784,5056,1088,202048,32512,1152,1728,41024,69184,640,845696
638,1678336,306752,182144,4288,3264,71744,531008,132352,446784,426432,1251904,37888,1024,525568,69120,1216,101248,189824,111616,576,1180160
639,1117440,309632,180864,4288,3264,1088,202944,121792,293568,273984,843456,4928,1024,197312,28864,1280,1792,38272,67136,576,842368
640,1117120,312192,179712,4288,3328,1088,203584,120064,292864,273856,843264,5056,1024,198016,30144,1280,1856,38976,67072,640,842176
641,1678336,305920,184448,4352,130368,72064,532672,133248,315264,295040,1383296,39680,1024,527040,68288,1216,101056,190848,105344,704,1311232
642,1117248,305728,181760,4288,4416,1152,204480,133696,281728,262336,854912,4800,1088,198912,30144,1344,1856,39168,67072,832,853760
643,1117952,307776,182016,4352,3136,1024,204544,132928,282176,262784,855168,4928,1024,199104,31040,1216,1856,39808,66944,768,854144
644,1678016,307968,179968,4224,3200,73280,589888,139072,380416,360320,1317696,98752,1088,584320,66752,1216,101312,187968,105728,704,1244416
645,1117568,309824,182272,4288,3328,1088,207104,133632,276032,256448,861120,5056,1088,201472,31360,1088,1792,40576,66624,512,860032
646,1678144,306432,179712,4288,3200,474688,205440,134336,370048,349824,1328320,5248,1024,199936,31040,1280,1856,39680,67392,832,853632
647,1117248,304256,181056,4352,5184,1088,445824,124544,50944,31424,1085824,92800,1024,440448,33344,1216,1920,151168,105600,640,1084736
648,1678336,309824,179456,4288,3328,71104,487424,133312,489600,469888,1208448,111360,1216,481920,34304,1216,100864,97152,86464,768,1137344
649,1117056,308672,180160,4288,5504,1152,240448,132800,244032,224448,892608,5184,1088,234880,64576,1344,1920,73472,67264,832,891456
650,1117760,306880,181824,4288,4352,1024,444352,123200,51840,32256,1085504,92608,1152,438912,98816,1280,2048,166144,86784,640,1084480
651,1678080,303040,183872,4288,3136,1088,617280,123904,441472,421312,1256768,196032,1088,611712,104448,1408,1984,225792,105408,576,1255680
652,1677760,306112,181376,4352,5312,1088,499776,120512,559232,540032,1137728,107584,960,494400,104448,1280,2048,214464,89408,768,1136640
653,1117760,307712,182080,4352,6016,1088,395392,114368,106752,87296,1030464,4416,1024,389888,102848,1344,1984,218944,76800,704,1029376
654,1117568,309056,183424,4288,5440,960,386048,112768,115584,96256,1021312,4608,1024,380544,102784,1408,2048,216832,76352,704,1020352
655,1118144,305344,181824,4224,5824,1024,380672,110016,129216,108928,1009216,4544,1024,375296,103424,1280,1920,212416,75840,640,1008192
656,1117568,309504,183296,4224,4352,1088,390528,98112,126464,106432,1011136,4672,1088,385152,103424,1344,1920,216384,76544,576,1010048
657,1117248,307264,182656,4352,3008,1024,387392,98432,133120,113536,1003712,4288,1024,381888,103488,1216,1984,221056,75776,576,1002688
658,1117760,309696,181888,4224,5056,1024,367488,98176,150208,130880,986880,4416,960,362176,82304,1280,1984,199936,77056,576,985856
659,1678144,312960,182656,4224,5120,416768,359808,98944,297664,277696,1400448,4544,1024,354432,81280,1344,1920,193856,75712,704,983680
660,1117760,308672,178752,4224,95104,1088,423360,85632,20928,896,1116864,4288,1024,417664,66048,1344,2048,257280,75456,640,1115776
661,1117568,310144,181824,4416,2816,1024,319616,86528,211200,191936,925632,4416,960,314048,64256,1344,2112,157184,74496,576,924608
662,1117888,306368,179072,4288,4928,960,479808,98560,43904,24384,1093504,4480,1024,474304,64768,1152,1856,165760,225472,640,1092544
663,1117632,310848,182720,4288,5696,1088,295168,106432,211392,191296,926336,4736,960,289856,48192,1216,1856,143872,57024,640,925248
664,1117568,306880,182464,4288,5696,960,281920,107072,228288,208512,909056,4672,960,276480,32704,1408,1920,133504,56704,640,908096
665,1117504,309824,182848,4288,3264,960,278464,106816,231040,211392,906112,4672,1024,273024,32512,1472,1856,130432,56320,704,905152
666,1117760,307520,184320,4288,1664,1024,281216,105472,232256,212992,904768,4672,1024,275776,32384,1472,1984,132224,57024,704,903744
667,1117440,309120,179584,4352,1536,1024,281280,106624,233920,214464,902976,4736,1024,275840,32000,1280,1792,132864,57408,768,901952
668,1117504,309440,182016,4352,1664,1088,280896,106240,231808,212608,904896,4672,1024,275520,32256,1344,1856,133824,56704,768,903808
669,1117824,307072,181632,4288,1600,1024,277120,105984,239104,219904,897920,4672,1088,271424,32960,1216,1920,130048,55552,640,896896
670,1117888,310528,180224,4288,1600,1024,282112,105472,232640,213056,904832,4608,1024,276672,32448,1280,2176,134208,56960,704,903808
671,1117312,308416,182016,4288,1472,1088,281088,107776,231168,212032,905280,4672,960,275584,32576,1280,1984,133696,56832,576,904192
672,1117632,307328,183808,4224,1728,1024,280512,105856,233152,213824,903808,4544,1024,274880,32832,1344,1856,132864,56128,512,902784
673,1117632,307520,183872,4352,1600,1088,292736,106752,219712,200640,916992,4672,1088,287296,33920,1344,2048,142976,58112,768,915904
674,1678080,308544,182272,4288,1728,410560,318464,105664,346560,326976,1351104,4608,1088,312960,68544,1344,1920,169216,58240,640,940544
675,1677888,309824,182016,4288,1664,1024,523968,106048,549056,529408,1148480,4736,1024,518464,76672,1536,2048,372800,59264,704,1147456
676,1118144,306048,179840,4288,1600,71872,398208,107840,48448,28352,1089792,4864,960,392896,89856,1216,2112,207616,57984,576,1017920
677,1117120,308224,184640,4416,1600,1152,349760,86016,181312,161792,955328,4672,1024,344384,75072,1344,1984,193792,51968,576,954176
678,1117696,309440,185408,4288,1536,1088,327040,85760,203136,183744,933952,4480,1024,321536,60736,1280,1920,176896,50240,576,932864
679,1677632,337856,184832,4352,1664,1088,497344,85440,565056,545792,1131840,4608,1152,491840,60416,1344,1984,329600,67136,640,1130752
680,1678208,333824,187648,4352,127232,1088,529856,85760,408448,388992,1289216,4544,1024,524224,60416,1216,2048,352640,76608,576,1288128
681,1117440,332672,189632,4288,1536,1088,354944,85632,147648,128128,989312,4544,1088,349312,72448,1152,1984,178368,75840,768,988224
682,1117696,333632,185920,4352,1664,1152,403904,85376,101696,82176,1035520,4672,1088,398464,126464,1280,1984,227968,75840,640,1034368
683,1117504,305280,187392,4352,2688,960,485632,99776,31424,12224,1105280,4864,1088,480064,117312,1344,2048,220672,161856,768,1104320
684,1117888,308032,188032,4352,4800,1088,398720,99520,113344,93888,1024000,4736,1088,393344,126848,1344,1984,236992,57088,768,1022912
685,1678016,308224,186688,4352,4800,1088,577152,100352,495360,475584,1202432,4800,960,571648,128576,1344,2048,416896,56768,704,1201344
686,1117632,306944,188480,4352,1600,1152,395584,99392,120128,100544,1017088,5056,1088,390144,126400,1280,2048,234816,56384,576,1015936
687,1677888,309120,184576,4288,1600,414144,392000,99712,272448,252352,1425536,4608,1088,386688,126080,1280,1984,232640,56064,768,1011392
688,1117184,308096,186112,4288,1536,1024,372352,99776,144000,124800,992384,4736,1024,366848,103552,1216,1984,214144,56000,512,991360
689,1117696,305600,187584,4288,1600,1152,393024,98816,125632,106624,1011072,4800,1088,387584,43072,1408,1984,232256,58112,640,1009920
690,1117760,309952,187904,4288,1600,1088,266944,99968,246016,226496,891264,4736,960,261568,1024,1280,1984,99904,57088,640,890176
691,1117760,307904,189056,4352,1536,1152,259840,86144,267776,248128,869632,4864,1024,254464,1024,1216,1984,99584,56512,640,868480
692,1117824,309504,187264,4352,1664,1088,254400,86272,273280,253760,864064,4480,1088,248832,896,1280,2048,95552,56512,640,862976
693,1117312,308928,186240,4352,1600,1152,254144,86208,274688,255616,861696,4544,1024,248640,960,1280,1856,94080,57856,640,860544
694,1117696,308800,186624,4352,1600,1024,256768,86464,272064,252608,865088,4928,1024,251392,896,1344,1792,96512,56256,704,864064
695,1117568,306176,189568,4288,1600,1024,259136,86336,269440,250112,867456,4608,1024,253696,896,1280,1856,95936,57280,704,866432
696,1117760,306368,189504,4352,1600,1024,318080,86144,210688,191040,926720,4608,1024,312576,1344,1344,2112,156544,57536,768,925696
697,1117504,307520,190720,4224,1600,1088,322688,85824,203840,184960,932544,4736,1024,317056,2240,1344,2112,163136,57280,640,931456
698,1677824,307136,188672,4416,2112,1216,498944,97152,578176,558528,1119296,4800,1088,493248,20096,1344,1984,319616,76608,640,1118080
699,1117760,305728,188288,4160,2752,1024,395392,104576,115840,96192,1021568,4992,1024,390016,1408,1344,1984,205824,80320,704,1020544
700,1678208,304448,191104,4352,128064,1024,374400,104832,569984,550016,1128192,4736,1024,368704,5568,1408,2112,181056,80320,576,1127168
701,1677760,304000,191168,4288,2880,411264,556992,113600,93568,73600,1604160,4608,1024,551232,43072,1280,1984,354496,95360,512,1192896
702,1117632,305280,188736,4288,2816,1088,300416,118784,196224,176576,941056,4864,1088,294912,960,1344,1984,95104,94336,704,939968
703,1117568,305536,191168,4288,3264,1088,432768,117248,62208,42688,1074880,4608,1024,427200,896,1344,2112,94592,91584,640,1073792
704,1117504,306240,184832,4224,4352,1024,380992,117696,118144,98816,1018688,4480,1024,375488,1280,1600,1984,174464,90368,768,1017664
705,1117888,308800,185856,4288,5376,1088,293120,125248,194112,174592,943296,4480,1024,287808,1472,1344,1984,94848,89728,576,942208
706,1117824,308672,187328,4352,5440,71680,317376,124928,98048,78336,1039488,4480,1024,311808,23488,1344,1984,120448,89536,704,967808
707,1677696,312576,181888,4224,4416,70976,687424,146240,269952,250368,1427328,290624,1088,681792,832,1152,122752,54464,85632,640,1356352
708,1117440,308928,183168,4224,4352,1024,178176,143296,294272,274880,842560,5056,1024,172608,1152,1216,1920,8704,61760,576,841536
709,1117952,311552,182144,4288,4480,960,240192,152640,221696,202304,915648,4864,960,234752,1344,1344,1792,53440,75328,768,914688
710,1117504,307392,182336,4352,7104,1088,341760,151552,121920,102720,1014784,4992,1088,336000,36800,1216,1920,137536,87808,576,1013696
711,1117632,307072,187584,4288,6656,1088,332480,154944,123520,104320,1013312,4992,1024,327040,22208,1152,1920,128384,88960,704,1012224
712,1678528,307008,186560,4288,4480,70976,802880,164800,137536,117440,1561088,326784,1024,797248,1152,1152,119936,150528,75776,576,1490112
713,1117376,310208,184832,4288,4480,1024,205568,146752,260224,240320,877056,5120,1088,200000,1472,1152,1856,9024,63424,768,876032
714,1117440,310400,186368,4096,4480,1088,231488,150208,229312,209984,907456,5248,896,226176,34624,1344,1920,41792,63232,576,906368
715,1678272,308736,187776,4224,4544,413056,223808,151104,385024,364992,1313280,5056,1024,218304,34496,1216,2048,41600,63744,512,900224
716,1117568,306432,191232,4160,5568,1024,268416,124480,216256,196608,920960,4992,1024,263040,19968,1152,2112,74048,77248,768,919936
717,1117248,308288,189632,4288,4736,1088,289344,122944,196928,177792,939456,4544,1024,283712,832,1280,1984,101888,71040,576,938368
718,1117888,306752,190656,4352,4480,960,286272,115200,209216,189440,928448,4608,960,280640,1984,1152,1856,101568,71296,640,927488
719,1117632,305728,188992,4288,4480,1024,349760,121536,141824,122432,995200,4928,1024,344064,56512,1344,1984,162304,71680,704,994176
720,1677440,307520,188672,4224,131520,1088,400960,116736,526720,507392,1170048,4544,960,395328,111552,1280,1792,217536,71360,512,1168960
721,1117696,307328,189696,4288,4480,1088,406976,99712,104128,84800,1032896,4608,1088,401600,109184,1472,1984,212224,71488,704,1031808
722,1117760,308416,186688,4480,4416,1088,387008,98560,127104,107776,1009984,4544,960,381248,85760,1216,1920,194496,71936,576,1008896
723,1117632,309184,189888,4416,4544,1024,347968,98944,161664,142272,975360,4224,1024,342208,60928,1344,2112,161024,71488,704,974336
724,1118016,307008,188288,4288,4608,1024,344896,99008,168896,149760,968256,4416,1024,339264,60864,1472,1984,164224,70720,640,967232
725,1117632,308032,187008,4288,4480,960,350784,99712,162368,143104,974528,4352,1024,345344,61120,1344,1920,165632,71040,640,973568
726,1677824,307904,187264,4352,4608,1088,499392,108992,564224,545088,1132736,4992,1024,493888,62144,1344,1920,167424,202880,704,1131648
728,1117696,307456,189504,4288,6720,1024,318720,112384,177600,158336,959360,4544,1024,313152,34048,1408,2240,145152,55744,576,958336
729,1117696,308800,189376,4288,5888,960,314560,112960,180864,161408,956288,4672,1088,309056,34496,1152,1984,144704,55872,704,955328
730,1678272,306816,190016,4288,5504,414208,340736,114112,302592,282368,1395904,4672,1024,335488,33216,1216,1920,152512,56576,640,981696
731,1117120,308160,188160,4288,4480,1088,367360,113984,129600,110272,1006848,4736,960,361920,33728,1344,1920,195712,56704,704,1005760
732,1118016,307392,187968,4416,4608,1088,322432,117504,172608,152832,965184,4608,1088,316672,33600,1344,1856,131776,56832,576,964096
733,1117312,307712,188736,4416,4416,1024,300160,115264,195584,176256,941056,4672,1024,294848,33664,1280,1920,128896,57024,704,940032
734,1117568,308032,188352,4288,5504,960,309440,112960,188032,168832,948736,4608,1024,304128,34368,1472,2176,130880,56640,704,947776
735,1118016,308032,189312,4352,4480,1088,373312,101248,136192,116416,1001600,4608,1088,367808,34944,1408,2048,201664,55872,640,1000512
736,1677888,307776,191616,4352,4480,1152,551360,109696,507456,488128,1189760,4608,1088,545856,61568,1344,1920,358208,73856,704,1188608
737,1118080,307392,185408,4224,7232,70784,350912,123008,69120,49024,1069056,4352,1024,345408,55232,1344,2048,150592,74048,768,998272
738,1117056,307008,189056,4288,6976,1024,348224,121792,138688,119552,997504,4416,960,342784,50240,1344,1984,152640,75008,704,996480
739,1117888,304320,187904,4288,5504,1088,303744,123136,187904,168192,949696,4800,1088,298176,768,1344,1920,99776,74816,704,948608
740,1677760,309824,194496,4288,6464,1088,514048,125504,522048,502272,1175488,4416,1088,508416,2048,1344,1984,307776,83968,640,1174400
741,1678144,308416,189696,4288,132032,1024,353856,124672,564160,544256,1133888,4608,1024,348096,21504,1344,1984,128960,95616,640,1132864
742,1678080,307008,186496,4224,4288,70848,583232,141952,380032,359872,1318208,86528,1024,577536,34304,1344,124160,144256,101312,768,1247360
743,1677824,312320,191104,4288,4352,409856,219456,143744,392704,372544,1305280,5184,1088,214080,1152,1088,1984,8896,64448,768,895424
744,1117504,308672,188416,4288,4608,1152,201856,142720,265792,246272,871232,4992,960,196480,1280,1344,1792,7744,64192,640,870080
745,1117440,309440,188928,4288,5504,1024,347264,148736,112256,92992,1024448,5056,1024,341568,36160,1280,1792,134976,89280,768,1023424
746,1117696,306304,189440,4288,4608,1088,321728,149696,140544,120640,997056,4992,1088,316288,1920,1280,1984,105664,89728,640,995968
747,1677824,305600,187072,4224,5504,73216,764480,161344,176384,156672,1521152,246848,960,758976,22912,1280,120000,178880,89600,768,1447936
748,1117312,309248,188160,4288,6528,1152,258816,161152,187968,169024,948288,4992,1024,253376,33024,1280,1856,41024,63360,512,947136
749,1117952,309568,188736,4288,5888,1024,210432,157312,240704,221120,896832,5248,896,205248,704,1152,1792,7488,63616,704,895808
750,1117696,308800,190720,4352,4736,1088,209984,163840,234176,214656,903040,4928,960,204736,1600,1216,1792,8448,63808,704,901952
751,1117696,306176,188480,4288,4608,1088,219200,132288,261568,242240,875456,5120,896,213952,21248,1024,1856,28928,64192,704,874368
752,1117248,312128,186240,4288,4672,1024,349440,133888,125568,106496,1010752,4672,1024,344128,33408,1280,1856,133376,80704,768,1009728
753,1118144,307520,187648,4352,5568,1088,288832,127936,195200,175936,942208,4672,960,283392,832,1280,1920,103168,63808,640,941120
754,1117376,306496,187136,4352,4416,1088,291264,124160,198464,178880,938496,4480,1088,285824,960,1408,2048,99456,64000,768,937408
755,1117696,306752,187584,4096,4544,1024,310784,126080,176832,157568,960128,4736,1088,305280,1536,1344,2048,107776,71168,640,959104
756,1117696,303680,188416,4352,4608,1024,322432,108544,184640,165184,952512,4736,896,316928,22912,1216,1984,124480,72064,640,951488
757,1678336,308160,188288,4352,4672,406976,349632,107072,309184,288960,1389376,4288,1024,344192,44032,1152,1920,149376,71808,576,982400
758,1117248,308096,187648,4288,4608,1088,371136,107776,132608,113152,1004096,4416,1024,365632,71104,1344,1984,177728,71744,704,1003008
759,1117568,307072,189056,4288,5696,1024,383616,110272,116544,97216,1020352,4352,1024,378176,70336,1152,1856,171264,70976,576,1019328
760,1117824,306624,189632,4352,129664,1024,353792,109376,23360,3520,1114304,4672,1024,348416,52160,1344,1920,159424,71744,704,1113280
761,1117440,306944,187520,4288,4480,1088,336960,109248,166912,147328,970112,4608,1024,331392,51328,1344,1984,154368,64256,768,969024
762,1117696,307648,187712,4352,4416,1088,349824,109952,152704,133248,984448,4288,1024,344384,51264,1216,1984,153920,64448,640,983360
763,1117504,309952,189440,4416,4544,1088,335936,108736,163392,144000,973504,4352,1024,330368,51136,1280,2176,154112,63872,704,972416
764,1117504,307776,187520,4288,4544,1088,352768,108096,151424,132160,985344,4160,1088,347200,51200,1344,1856,154112,63232,704,984256
765,1117696,306048,190592,4288,5376,1088,403392,109376,97536,78080,1039616,4480,1088,397952,51840,1344,1856,219712,65792,576,1038528
766,1117696,306112,188608,4352,4480,1088,343040,109504,160512,140992,976704,4608,1024,337472,52480,1216,1920,152832,67968,640,975616
767,1118016,305600,188544,4416,4480,71360,348544,110848,84224,64192,1053824,4608,1024,343168,51776,1408,2048,153600,65920,768,982464
768,1117248,182016,188160,4352,5376,960,353344,111936,271104,251648,865600,4352,1024,347776,50880,1216,1984,153088,67456,640,864640
769,1677952,309184,187968,4352,4672,1088,482112,118912,569664,550528,1127424,4544,1152,476608,50624,1216,2048,170304,179392,704,1126336
770,1117632,180032,188736,4352,6592,1088,346432,126336,264064,244544,873088,4736,1024,341248,54528,1408,1856,164992,56832,512,872000
771,1678016,306944,189760,4352,6080,410176,349696,122240,288768,268736,1409280,4672,1088,344128,54656,1280,2112,171456,56384,704,999104
772,1117312,308864,187328,4288,6720,1088,434880,123840,50304,31040,1086272,4608,960,429312,59264,1408,2176,244480,56640,704,1085184
773,1117824,308352,189632,4416,6720,1088,338368,123392,145856,126016,991808,4736,960,333056,60800,1344,2048,162112,56192,576,990720
774,1117696,307072,187648,4352,6208,1088,354432,124992,131904,112256,1005440,4544,960,349120,61248,1216,1920,160768,56128,512,1004352
775,1118080,309440,188480,4352,4864,1024,336640,124032,149248,129088,988992,4736,1024,331136,61056,1280,1984,159872,55936,640,987968
776,1116992,310080,190144,4224,4032,960,345920,125184,136448,117184,999808,4672,1024,340352,60480,1408,1920,164096,56448,640,998848
777,1118464,306112,186880,4288,2752,1088,366848,111744,138752,119168,999296,4416,960,361344,60800,1536,2048,168128,56576,768,998208
778,1117248,308224,188032,4352,4608,1152,344704,110144,156032,136256,980992,4544,1024,339136,60672,1280,1728,166144,56128,640,979840
779,1117440,309440,186496,4224,4544,1088,356096,111488,144064,125056,992384,4608,1024,350848,61824,1216,1920,167360,57024,512,991296
780,1117888,308352,188992,4416,3264,960,360704,113856,137344,117824,1000064,4416,1088,355200,61440,1152,1984,166656,57152,640,999104
781,1117696,305984,195712,4224,1536,1024,462656,111168,35392,16128,1101568,4864,1088,457216,61184,1344,1920,250496,84864,576,1100544
782,1677760,307456,189312,4288,127616,1024,378624,110464,558976,539584,1138176,4544,1024,372992,62016,1216,1984,159744,83392,704,1137152
783,1117952,310144,189248,4416,1664,960,365760,111552,134208,114752,1003200,4992,960,360320,61824,1344,2048,166144,77952,576,1002240
784,1117696,304960,191872,4288,1664,1088,385216,112512,116096,96640,1021056,4608,1024,379648,62656,1216,1920,169600,77824,704,1019968
785,1678272,308096,190208,4416,1600,397888,365248,111488,299328,279488,1398784,4736,896,359872,61952,1280,2048,163968,78080,640,1000896
786,1117120,309376,192256,4352,1664,1152,383232,112192,112896,93056,1024064,4544,1024,378048,62592,1216,2048,167488,78400,832,1022912
787,1117248,310272,186880,4416,1664,1024,379328,111104,122560,103552,1013696,4864,1088,374016,62528,1408,2112,166912,78016,768,1012672
788,1118144,309504,189632,4352,1664,1024,370944,110144,130880,111296,1006848,4608,1024,365440,62720,1152,2048,169600,77568,512,1005824
789,1117440,306304,189120,4480,1664,1152,377216,111808,125696,106624,1010816,4544,960,371648,61632,1216,1984,165248,78080,640,1009664
790,1117568,308032,188800,4352,1536,1088,360640,112640,140480,121024,996544,4416,1088,355200,51904,1344,1920,158464,77504,576,995456
791,1117888,307456,188992,4288,1600,1024,355328,112896,146304,126784,991104,4736,1024,349696,51776,1216,2048,157568,77248,640,990080
792,1117440,307584,188672,4352,1600,1152,377984,112192,123904,104704,1012736,4544,1024,372608,50880,1344,2112,159872,77440,640,1011584
793,1117824,308160,190400,4288,1664,1024,357120,111744,143424,123904,993920,4672,1024,351936,52032,1408,1792,158912,77824,640,992896
794,1117440,309120,190400,4352,1536,1024,432128,114112,64768,45056,1072384,4608,1088,426624,53760,1344,2112,215040,77568,576,1071360
795,1117568,309248,190912,4288,1536,1088,466624,113984,29888,10240,1107328,4544,1024,461312,52224,1344,2176,252736,80320,704,1106240
796,1117888,308352,190528,4352,1600,1152,361152,111680,139072,119808,998080,4544,1024,355584,50496,1408,2048,155840,78144,640,996928
797,1118016,306560,188480,4288,1600,71808,375488,113856,55936,35520,1082496,4800,1024,370048,51520,1344,1920,163776,78464,576,1010688
798,1117440,311616,191168,4288,1728,1088,369984,111872,125696,106176,1011264,4608,1152,364480,51840,1344,1984,166656,77504,704,1010176
799,1117696,307392,188352,4288,1536,1088,378304,112256,124480,104832,1012864,4480,1024,372800,51200,1408,1920,165696,78464,768,1011776
800,1677888,307840,189568,4352,1600,412992,499200,112640,149696,130176,1547712,4480,1024,493824,51392,1344,1984,297408,77248,704,1134720
801,1117824,307392,189056,4352,1664,1024,350528,112320,151488,131968,985856,4608,1024,344960,51328,1280,2048,152320,77376,640,984832
802,1117440,306624,188032,4416,92544,1024,370048,112256,42496,22656,1094784,4672,1024,361280,51776,1408,1984,155712,78208,576,1093760
803,1117440,307392,188288,4288,1664,1088,350848,112768,151104,131968,985472,4416,1024,345536,54336,1472,2112,155136,76992,576,984384
804,1117952,307264,189888,4352,1600,1024,391744,112832,109248,89408,1028544,4864,1024,386304,62208,1408,1920,166720,77120,640,1027520
805,1117568,307712,188800,4288,1600,1152,379968,112832,121216,101760,1015808,4800,1024,374400,63424,1344,1920,168000,77952,576,1014656
806,1117376,307200,189312,4288,1600,1024,375168,112512,126272,106816,1010560,4608,1024,369856,63424,1408,2048,173248,76800,704,1009536
807,1117952,306752,186944,4224,1600,1024,381248,113280,122880,102976,1014976,5056,1024,375872,64896,1280,2048,171840,77120,640,1013952
808,1117632,308224,189760,4352,1600,1088,367744,113728,131136,111680,1005952,4736,1088,362240,63680,1280,1984,166912,76864,576,1004864
809,1117824,306432,188928,4352,1664,1088,380672,113216,121472,101760,1016064,4608,1024,375168,63808,1216,1984,170240,77568,704,1014976
810,1117568,308352,189568,4288,1600,1152,382912,114624,115072,95360,1022208,4672,1024,377408,61952,1280,2048,177088,80512,512,1021056
811,1117568,308096,188928,4224,1600,1088,358848,113024,141760,122560,995008,4800,1088,353344,60096,1408,1984,158656,79104,704,993920
812,1117376,307904,187584,4288,1728,1088,383296,112192,119296,100160,1017216,4672,1024,377856,62016,1344,1920,166272,82688,640,1016128
813,1118080,308928,187520,4288,1600,1088,373952,110528,130176,110656,1007424,4672,1088,368384,62144,1344,1984,165184,78976,704,1006336
814,1117376,306048,188224,4288,1600,1152,386816,111552,117696,98496,1018880,4480,960,381376,62208,1344,2048,168384,81472,704,1017728
815,1678080,309120,190144,4352,1600,410432,367872,113088,281472,261632,1416448,4672,1024,362304,62592,1408,1920,169472,77632,640,1006016
816,1117504,305472,188352,4352,1600,1088,370048,110592,136000,116480,1001024,4288,1024,364672,61952,1216,1984,166080,79232,704,999936
817,1678208,305472,186112,4288,2240,1088,591808,192128,395072,375552,1302656,4608,1088,586432,61632,1344,1920,168128,292352,576,1301568
818,1117760,304512,190272,4288,2752,1024,364992,204864,45056,25216,1092544,5120,960,359360,60992,1408,1920,160256,57536,640,1091520
819,1117248,306624,191168,4288,2688,1088,374336,206912,30144,10752,1106496,4928,960,368832,61504,1344,2048,162688,57472,704,1105408
820,1117504,306816,188544,4288,2816,1088,369600,207680,36672,17664,1099840,5376,1024,363968,62016,1088,2048,168128,56256,576,1098752
821,1117952,305856,188544,4352,3904,1152,360448,205952,47744,28480,1089472,5056,1088,355136,60928,1280,1856,162432,57856,704,1088320
822,1117952,304512,187392,4352,4928,1024,380096,205184,30464,10368,1107584,5248,1088,374656,62208,1344,2112,159232,57408,704,1106560
823,1117632,306432,189056,4224,3200,1152,361856,136128,115584,95552,1022080,5056,1024,356032,61248,1408,2048,163520,56448,576,1020928
824,1677696,307200,187968,4224,127488,1088,363264,133184,553280,533632,1144064,5248,1024,357632,61248,1152,2112,159168,56960,576,1142976
825,1117632,306496,188672,4352,1600,1024,350208,133824,131456,111808,1005824,5056,1024,344576,61568,1280,2176,163840,57280,640,1004800
826,1117632,306368,186944,4288,1536,1024,349568,132352,135552,116032,1001600,5120,960,344128,61312,1088,2112,161728,56448,576,1000576
827,1677888,305856,187328,4352,1664,70912,417792,134848,555136,535488,1142400,4864,1152,412032,63936,1216,1984,222272,56384,768,1071488
828,1677952,305344,188096,4352,1472,412224,436608,131840,198016,177920,1500032,5120,960,431168,64320,1152,1984,248384,55744,640,1087808
829,1117312,307520,189696,4288,1536,1088,370688,134336,108160,88704,1028608,4864,1088,365120,61440,1216,1984,174144,56192,704,1027520
830,2237760,302528,186880,4224,2176,1024,1172928,142720,425280,406016,1831744,5120,1088,1167424,61760,1280,1984,958912,68800,704,1830720
831,1118080,310656,188672,4288,2880,1024,366976,141696,101888,82496,1035584,4800,1088,361152,47104,1280,1984,168064,57728,640,1034560
832,1117248,307648,187776,4352,2752,1088,364736,126144,122752,103360,1013888,4736,1216,359104,33856,1216,1984,158400,61120,640,1012800
833,1678400,307968,189376,4224,2880,1152,467392,128000,577408,558080,1120320,4480,960,461952,33728,1344,1920,281216,63552,640,1119168
834,1117504,308928,190272,4288,2624,1088,339648,127808,142848,123584,993920,4480,1088,334144,33536,1344,1920,136128,63168,768,992832
835,1117632,305984,187328,4224,2752,1088,323392,127232,165632,145728,971904,4416,1024,317824,33792,1344,2048,137024,63488,576,970816
836,1117440,307648,187136,4352,2816,1024,325632,127296,161536,142272,975168,4416,1088,320192,33472,1280,2304,135360,63232,704,974144
837,1118208,308864,188096,4288,2752,1088,339072,123904,150144,130304,987904,4480,1024,333632,34176,1280,2176,143168,63040,640,986816
838,1117184,308544,188992,4352,2816,1088,330624,110784,169984,150912,966272,4416,960,325120,33664,1216,2048,140224,64384,704,965184
839,1117632,309120,188288,4288,2944,960,337984,113472,160576,141440,976192,4288,1024,332288,34368,1344,2112,140480,63872,512,975232
840,1117696,306304,187200,4352,2752,1024,343872,113920,158272,138752,978944,4992,1024,338304,34048,1280,1920,143680,64256,704,977920
841,1117696,307712,189120,4288,2688,1088,318848,111488,182464,163136,954560,4800,1024,313280,33920,1216,1920,134784,63808,768,953472
842,1677888,311040,187840,4352,2752,412544,341632,110656,307072,287296,1390592,4864,1152,336000,34048,1024,1856,144000,63936,576,978048
843,1117440,307904,188288,4352,127360,1024,325824,110848,51840,32576,1084864,4736,1088,320000,34624,1216,2048,142976,62912,640,1083840
844,1117696,306624,190208,4352,2816,1024,355328,113472,143872,124608,993088,4544,1024,349824,48128,1088,2048,155648,62656,640,992064
845,1118144,308352,189376,4288,4864,1088,321408,114112,174656,154688,963456,5120,1024,315968,34368,1344,1856,138304,62336,576,962368
846,1117440,306368,187968,4352,3392,1088,325056,112192,177024,157632,959808,4864,1024,319552,33920,1280,2048,137152,63040,704,958720
847,1117568,306240,186688,4288,1664,1088,338944,112064,166592,147200,970368,4864,1088,333376,33920,1344,1984,144320,62784,576,969280
848,1678144,307072,189376,4288,1600,1088,600448,112128,462144,442240,1235904,4736,1088,595072,34560,1408,2240,329472,146496,704,1234816
849,1117824,305920,187648,4416,1600,1088,357888,112064,147200,127424,990400,4736,1088,352384,35904,1408,2240,131648,80960,640,989312
850,1117568,304128,189120,4288,1600,1088,333440,113536,170368,150976,966592,4928,1024,328000,36032,1152,1984,130944,77376,576,965504
851,1117696,308480,188928,4288,1600,1088,333632,112320,167360,147968,969728,4480,1088,328192,35648,1344,2048,133952,79040,704,968640
852,1117632,305280,186944,4352,1600,1088,352576,111872,153920,134848,982784,4480,1024,347200,36032,1280,1984,140416,78656,640,981696
853,1117568,308928,187904,4352,1600,1088,352768,111040,149888,130752,986816,4608,1024,347136,36416,1280,2112,147968,84672,576,985728
854,1117696,308288,187456,4352,1664,1088,381568,113024,120256,100800,1016896,4864,1024,376192,64256,1216,1984,162112,81280,576,1015808
855,1117760,306816,187072,4288,1600,1088,369664,114304,132928,113344,1004416,4736,896,364160,63616,1152,2048,157120,78464,704,1003328
856,1677888,305600,188416,4352,1664,411840,453888,112000,200128,180224,1497664,4480,1024,448448,64704,1216,2304,247616,78784,640,1085824
857,1677888,305792,189824,4288,1600,72000,425728,100608,578048,558208,1119680,4736,1024,420224,64064,1088,2112,177536,78528,576,1047680
858,1677888,301312,193856,4352,2304,1088,528768,107968,538240,518400,1159488,4736,1088,523136,64768,1280,2048,185216,227136,704,1158400
859,1117184,308864,193600,4224,4864,1088,349568,115328,139648,120448,996736,4928,1024,344128,65216,1216,2048,173312,54912,640,995648
860,1117888,306496,192704,4352,3392,1088,383424,116096,110336,90560,1027328,4800,1024,377984,48960,1408,2112,209984,56512,704,1026240
861,1117888,305600,192384,4352,1664,1088,302336,116096,194368,174784,943104,5056,1024,296832,34560,1472,2112,129536,54976,576,942016
862,1677696,307456,189312,4224,127680,1024,423616,119232,505152,484992,1192704,4736,960,418240,33088,1344,1856,234304,61504,768,1191680
863,1117632,308096,193600,4352,1664,1088,309568,119680,179584,160064,957568,4672,1088,304000,33152,1216,1984,136832,55232,640,956480
864,1117568,308160,191296,4288,1600,1088,315840,120000,175296,155840,961728,4800,1024,310336,17088,1344,2112,131072,56192,704,960640
865,1117888,309248,192832,4288,1664,1088,289344,118976,200448,180544,937344,4928,1024,283904,960,1408,1984,114432,55616,640,936256
866,1117312,310016,193984,4288,1600,1024,287872,120000,198528,179264,938048,4800,960,282560,960,1408,2048,113344,54784,704,937024
867,1117760,306944,191488,4352,1600,1088,297920,115584,198784,179328,938432,4608,1024,292416,1024,1152,1856,110912,56064,576,937344
868,1117568,308800,190848,4224,1536,1152,462400,106624,41984,22848,1094720,4800,1024,457024,896,1344,2176,289472,56128,576,1093568
869,1118016,305344,187840,4288,1600,1088,255424,106944,255488,235968,882048,4736,1024,249792,896,1408,1984,101824,55296,704,880960
870,1677696,305408,186752,4224,1536,414976,251712,106496,406592,386688,1291008,4928,1024,246272,896,1408,2048,97536,54976,640,876032
871,1117568,303168,188352,4352,1600,1088,253248,106304,259456,239808,877760,4928,1024,247616,896,1216,1920,97920,56128,704,876672
872,1117632,304448,190144,4352,1664,1088,407552,106176,102208,82816,1034816,4672,960,402112,2368,1344,1984,252352,56704,704,1033728
873,1117696,307328,187072,4160,1664,1088,281024,85376,249984,231040,886656,4800,960,275520,17728,1472,2176,124736,55168,704,885568
874,1677952,307520,187968,4288,2752,1088,512512,107136,554688,535360,1142592,4352,1024,506880,34496,1280,1920,326336,85696,640,1141504
875,1117504,304384,189248,4416,2752,1088,404352,106048,105216,86080,1031424,4928,1024,398784,33856,1344,2048,226880,78144,576,1030336
876,1117696,306880,186560,4288,2752,1024,387520,105536,123136,103744,1013952,4544,1024,381760,34752,1344,2048,213248,76992,576,1012928
877,1677952,302208,184320,4352,2752,1024,602432,114432,466432,447168,1230784,4480,1088,596864,64128,1216,2048,411904,94784,768,1229760
878,1117312,303808,185024,4352,2752,1088,356608,119424,144256,125056,992256,4544,1024,350912,60992,1280,2176,161408,93248,704,991168
879,1118016,304512,183040,4288,2880,1088,343808,119104,159296,139968,978048,4288,896,338368,60224,1344,1920,156544,93568,768,976960
880,1117952,307008,183296,4288,2816,1088,341760,119488,158208,138496,979456,4416,1024,336256,59904,1408,1856,153920,94336,704,978368
881,1117376,306176,182656,4288,2816,1088,340032,119616,160704,141376,976000,4416,1088,334464,60736,1216,1984,149568,96448,768,974912
882,1117568,309760,183424,4288,2752,1024,343872,120064,152384,133440,984128,4480,960,338432,60352,1344,1984,151104,99392,512,983104
883,1117952,305728,182784,4160,129600,1088,337408,119168,38016,18560,1099392,4608,960,331648,59328,1472,1856,149504,94144,576,1098304
884,1677888,306688,182080,4224,2752,415296,344960,118912,302976,283328,1394560,4352,1024,339776,62080,1216,2048,155520,96768,704,979264
885,1117888,307456,180800,4288,2816,1088,342784,119424,159232,139584,978304,4416,1024,337088,56192,1408,2048,154240,95104,640,977216
886,1117632,308096,181376,4224,2752,1152,337344,119168,163520,144000,973632,4480,960,332032,55552,1280,2112,148928,95232,640,972480
887,1117888,307904,181568,4352,4928,72320,344832,121600,80384,60224,1057664,4608,960,339456,60928,1280,1920,158272,93440,832,985344
888,1117312,304192,182336,4352,3968,960,345728,114048,161728,142336,974976,4288,1024,340352,61056,1280,1920,157056,95424,576,974016
889,1117760,305984,181504,4224,2624,1088,349568,106176,166592,147264,970496,4544,960,344000,60736,1280,2048,163200,93632,448,969408
890,1117632,304704,180224,4224,2752,1088,350464,107584,166592,147648,969984,4352,1088,344960,67008,1472,1856,164800,94656,640,968896
891,1117696,304000,182400,4352,2688,960,378304,106880,138112,118976,998720,4224,1088,372864,91392,1280,1856,194048,93312,640,997760
892,1117440,307072,182912,4352,2816,1088,397056,85824,136320,117056,1000384,4800,1024,391552,111488,1408,2048,211328,93248,768,999296
893,1117888,305344,182272,4352,4736,1088,366272,85888,167936,148608,969280,4352,960,360704,78720,1344,2048,180672,97024,576,968192
894,1117504,303616,180608,4224,4800,1088,378688,86912,157568,138304,979200,4416,1088,373120,46080,1344,1984,196480,93824,640,978112
895,1118016,304832,182848,4416,3456,1088,450176,99968,71232,51328,1066688,4288,1024,444736,45952,1088,1984,256640,105408,704,1065600
896,1117376,304768,182208,4288,1600,1088,334912,100480,188032,168832,948544,4480,1024,329408,45952,1152,1984,153408,91584,768,947456
897,1117952,306560,182400,4352,1536,1088,408384,100160,113472,94016,1023936,4672,1024,402816,117056,1216,2048,225216,92288,768,1022848
898,1117376,305280,181568,4224,1600,1088,415296,100224,108096,88896,1028480,4672,1088,409600,114432,1344,1920,231552,93184,768,1027392
899,1678400,308096,182976,4352,1600,411328,332224,99456,338368,318144,1360256,4416,1088,326592,46400,1152,1856,149568,92672,640,948928
900,1117056,305152,181632,4416,1600,1088,336768,100544,185856,166464,950592,4352,1024,331072,47168,1344,1920,152832,93760,512,949504
901,1117824,306048,180544,4352,1536,1088,341120,98432,184704,164992,952832,4672,1024,335744,47296,1280,2048,155840,95168,640,951744
902,1117760,306240,180480,4352,1600,1088,336512,99840,187648,168000,949760,4672,1152,331136,48192,1216,1984,160384,86016,576,948672
903,1677824,306176,182912,4160,2752,1088,643328,121920,415488,396224,1281600,165248,960,637824,56128,1344,2048,248064,132544,704,1280512
904,2238656,307712,182016,4224,127616,71936,897856,123264,524032,503744,1734912,238272,960,892160,1152,1280,122304,74176,206272,832,1662976
905,1116928,304640,180864,4224,4992,1152,230592,122624,267840,248640,868288,4736,1088,225152,1856,1216,1856,66176,67584,704,867136
906,1117888,308544,181568,4288,4160,1024,274432,127296,216576,196992,920896,4608,1024,269120,42752,1280,1856,110912,68032,768,919872
907,1117504,306560,180096,4224,2816,1152,314176,132032,176448,157440,960064,4800,896,308608,40000,1280,2048,138496,80192,704,958912
908,1117632,308032,182912,4224,2816,1152,309696,138752,170048,150912,966720,4544,960,304384,960,1408,1856,130880,83328,704,965568
909,1117952,305472,180800,4288,2816,1088,294400,142784,186304,167040,950912,4416,960,289024,832,1344,1856,115136,83072,704,949824
910,1117632,307584,180928,4224,2752,1088,299904,137472,183680,164480,953152,4736,960,294336,1152,1472,1920,114432,86784,704,952064
911,1117824,304192,181440,4224,2816,1024,294400,140672,189056,169216,948608,4800,1088,288896,1536,1344,1920,112960,83008,512,947584
912,1678272,307200,181568,4288,2880,413760,316096,142080,310400,290624,1387648,4608,1152,310528,20352,1408,1984,133824,82944,640,973888
913,1117248,309440,181888,4352,2816,1024,283136,136448,198144,178944,938304,4608,960,277504,896,1216,2112,100480,83968,512,937280
914,1117696,306560,180544,4352,2688,960,293120,140480,188992,169280,948416,4608,1024,287680,832,1280,2112,120512,74048,640,947456
915,1677568,307200,182912,4288,3136,1024,503552,146496,528960,509696,1167872,4864,1024,498048,1600,1280,1920,188992,213760,704,1166848
916,1117888,307712,181824,4288,5120,1088,296064,143680,178112,158912,958976,4928,1024,290624,22976,1280,1920,137152,58432,576,957888
917,1118272,306048,181312,4224,4096,71872,292736,145664,112320,91968,1026304,4864,1088,287424,1536,1344,1856,133824,58368,576,954432
918,1117248,305024,181888,4352,2752,1088,364864,133888,123392,103744,1013504,4736,960,359424,1472,1344,2048,206080,58752,576,1012416
919,1117440,306880,182336,4288,2816,1088,378624,131520,109888,90624,1026816,5056,1088,373120,41984,1408,2112,220480,58560,768,1025728
920,1118016,305088,183808,4288,2752,1088,269952,131776,219264,200064,917952,4672,1024,264576,960,1408,2048,113536,59008,512,916864
921,1117888,306944,181120,4288,2752,1024,252352,131008,238400,218688,899200,4928,1024,246912,960,1216,2048,95232,59072,640,898176
922,1117440,307520,189696,4224,2880,1088,291456,132928,187648,168128,949312,4672,1088,285952,896,1472,2176,112832,59392,576,948224
923,1117952,311936,187904,4288,2880,1088,267840,113344,228672,209280,908672,4800,1088,262208,896,1280,2048,101056,57920,704,907584
924,1117504,305984,186240,4288,130944,960,283584,118144,87360,67648,1049856,5120,1088,278016,960,1344,2112,116416,57920,576,1048896
925,1117824,308800,186624,4224,2752,1024,365120,113536,135744,116288,1001536,4544,1088,359744,1536,1216,1984,196032,59840,640,1000512
926,1117312,309376,187072,4096,4928,1088,283968,113152,213632,194560,922752,4672,1088,278592,1408,1408,1984,115264,58496,704,921664
927,1678400,307712,187200,4352,5120,414400,306496,108416,344704,324672,1353728,4992,1024,300800,22400,1408,2112,139712,58624,640,939328
928,2238016,307072,189120,4224,3072,72576,1104320,148864,408768,388480,1849536,282624,1152,1098944,896,1408,299520,292224,87808,768,1776960
929,1116864,306880,182016,4160,5312,1088,174080,145536,297792,278784,838080,5056,960,168576,704,1280,2048,7936,62144,576,836992
930,1117888,305344,183232,4224,5120,1088,176192,137856,304832,285888,832000,4864,1024,170368,1408,1280,1856,7744,61952,640,830912
931,1117696,302336,183552,4160,4224,1088,201920,136064,284352,264896,852800,5184,960,196352,35328,1216,1856,42240,60608,640,851712
932,1117824,307072,183744,4224,2944,960,244480,132224,242176,222784,895040,5120,1088,238912,768,1536,1920,64000,75648,704,894080
933,1117696,306624,187840,4160,3072,1088,320448,126912,167552,148096,969600,5120,1088,314688,1024,1344,1920,109888,84672,704,968512
934,1118016,306880,189632,4288,3008,1024,285952,122496,204736,184832,933184,4352,1024,280448,1024,1280,1856,106496,71808,704,932160
935,1117504,306752,188736,4288,3072,1088,274944,122496,216128,196608,920896,4928,1088,269504,1344,1344,1920,108480,59200,512,919808
936,1117568,307456,185152,4224,3072,1216,272256,122048,222144,202752,914816,4800,1024,266688,1792,1216,1920,105024,59712,640,913600
937,1117632,308608,187840,4224,3008,1152,311104,106560,195136,176064,941568,4864,1088,305536,41280,1280,1984,145408,59392,640,940416
938,1117568,311104,189248,4288,3008,1088,313408,107136,188288,169088,948480,4544,960,308224,39360,1472,2048,150080,59648,576,947392
939,1117632,307776,186624,4352,2944,1088,317248,106368,191232,172288,945344,4672,960,311680,40576,1344,2112,159104,59264,512,944256
940,1117568,306112,181120,4160,3008,1088,312128,107392,202560,183488,934080,4544,1088,306624,40384,1344,1920,162624,58752,576,932992
941,1678656,310912,183104,4288,3136,414976,349312,106688,306240,286080,1392576,4544,1024,343936,75200,1216,1984,199104,59200,640,977600
942,1116992,308288,180608,4224,5184,1024,341824,97792,178048,158336,958656,4736,1024,336384,73280,1280,1920,190656,59008,576,957632
943,1117632,310784,185088,4288,5312,1152,337600,86528,186880,167488,950144,4672,1088,332032,73408,1280,1856,188480,58752,576,948992
944,1117760,308288,179456,4224,130048,1088,334720,86912,73024,53056,1064704,4864,1024,328960,72704,1472,2240,187200,57920,576,1063616
945,1117376,306752,182464,4352,3008,1088,318784,84864,216064,196608,920768,4864,1024,313152,56512,1280,1984,171264,58944,576,919680
946,1117760,310144,180032,4288,2752,1152,274560,85376,259456,239936,877824,4480,1088,268928,36480,1408,2176,127936,58432,640,876672
947,1117888,308992,181184,4288,2752,71168,256704,88448,204352,184832,933056,4608,1024,251264,36672,1216,1920,109888,59008,704,861888
948,1117376,310976,181824,4288,2880,1024,256576,85824,273984,254528,862848,4480,1152,251008,36352,1408,1984,109888,59008,640,861824
949,1118080,308992,180992,4352,2688,1152,256704,86400,276800,256960,861120,4480,1024,251520,37696,1408,1856,109248,59456,576,859968
950,1117632,309056,180032,4288,2880,1088,255680,86208,278400,258432,859200,4544,1088,250112,36864,1344,1984,108480,59136,576,858112
951,1677376,308928,180608,4224,2944,1024,537280,180288,462080,442688,1234688,4864,1088,531840,70784,1408,2048,156160,278720,576,1233664
952,1117440,306176,182144,4352,2944,1152,338688,178688,103296,84288,1033152,4864,1024,332992,70208,1344,1920,171904,57408,576,1032000
953,1118272,306944,184128,4288,5120,1088,351040,179392,86272,66688,1051584,4992,1024,345600,70784,1408,1920,182144,59072,768,1050496
954,1677760,307904,182912,4224,3840,1152,564224,181504,432000,411648,1266112,4992,1024,558912,67456,1280,2048,302400,151296,704,1264960
955,1678144,306816,181632,4416,4992,417856,357056,179776,225600,205760,1472384,5056,1088,351616,68736,1408,1984,160832,86336,576,1054528
956,1117376,306304,181952,4352,5632,1024,362432,181248,74432,54912,1062464,4864,1088,356800,69184,1344,2048,164864,87296,512,1061440
957,1117824,305536,182144,4288,4800,1024,356480,105856,157696,137984,979840,4800,1024,351040,69312,1408,2112,164160,87168,640,978816
958,1117312,303616,181952,4224,3456,1024,357952,106944,158144,138944,978368,5056,1152,352448,69952,1344,1920,173376,86720,704,977344
959,1117632,309568,180864,4352,1664,1088,367552,106240,146304,127104,990528,4992,1088,361920,70400,1600,2048,182720,86656,576,989440
960,1117760,305984,182400,4352,1664,1152,360960,106432,154816,135744,982016,4928,1024,355392,69120,1280,2112,168832,95296,512,980864
961,1678016,305216,182528,4288,2176,1024,526848,113664,542272,523008,1155008,4992,1024,521408,53888,1280,1920,326848,103104,576,1153984
962,1117504,309440,180992,4288,2688,1088,329152,113280,176576,157312,960192,4992,1024,323712,50880,1344,1984,142592,87936,576,959104
963,1117568,308288,181056,4288,2816,960,350976,115072,154112,135040,982528,4736,1024,345472,66944,1536,2048,162432,89600,640,981568
964,1114432,305344,181184,4224,129536,1088,344448,121792,26816,7680,1106752,4864,1152,338688,50880,1280,1920,145152,99456,768,1105664
965,1118208,308608,182208,4288,2816,1088,311296,116352,191552,172288,945920,4992,1024,305920,34304,1472,1984,127872,82560,640,944832
966,1117760,305216,181440,4288,2816,1088,300608,107328,214976,195520,922240,4544,1088,295104,33984,1280,2048,123776,80064,704,921152
967,1117760,305920,182592,4288,2688,1024,306240,106624,208384,188672,929088,4672,1088,300672,34048,1280,1920,130176,84096,576,928064
968,1117312,305920,179776,4416,2816,1088,303168,107520,212608,193664,923648,4800,1024,297408,33152,1408,2048,129664,80256,768,922560
969,1117632,303808,183936,4352,2816,1088,370496,98752,152384,132864,984768,4992,1088,365120,33024,1280,2048,127296,149888,704,983680
970,1678208,308352,182656,4288,2816,414784,308864,100800,355648,335680,1342528,4608,960,303424,33792,1408,1984,136832,81152,512,927744
971,1117440,304640,182976,4288,2752,1024,307904,99840,214016,194176,923264,4672,1088,302464,33216,1536,1984,137216,79360,576,922240
972,1117440,306752,179712,4288,2944,1088,308416,86528,227712,208512,908928,4480,960,303040,33216,1344,1920,138432,78912,512,907840
973,1118080,304640,181568,4352,2752,1088,374080,86080,163520,143872,974208,4480,1088,368576,34816,1280,1984,205824,79872,704,973120
974,1117632,307072,181376,4352,2752,1088,319680,86592,214720,195136,922496,4736,1024,314304,50432,1216,1984,152128,79296,640,921408
975,1677760,304512,180736,4416,2880,1152,522560,107008,554496,534720,1143040,4608,1024,517120,63360,1344,1856,327360,102976,640,1141888
976,1117888,305472,184128,4288,2880,1088,340224,105536,174272,154752,963136,4288,1088,334720,60288,1408,2112,154944,93824,704,962048
977,1117952,304064,181952,4352,2880,71552,357184,108416,87552,67712,1050240,4480,1024,351680,70272,1280,1920,169792,95744,576,978688
978,1117440,306816,182784,4288,2944,1024,316736,106368,196480,177152,940288,4544,1024,311232,36672,1408,1792,130368,95104,640,939264
979,1117440,308544,181888,4352,2880,1024,320832,105984,191936,172672,944768,4480,1024,315264,37248,1472,1856,137024,91904,640,943744
980,1117760,305792,182016,4224,2880,1088,315456,106432,199872,180608,937152,4160,1024,309952,38080,1344,1984,132160,92160,768,936064
981,1117824,306496,181184,4224,2944,960,280064,106432,235520,215936,901888,4480,1024,274752,896,1280,1984,97216,92416,704,900928
982,1117440,331968,180928,4288,5056,1088,364480,106496,123136,103552,1013888,4672,960,359040,1472,1408,2048,181120,92032,768,1012800
983,1117888,330880,181824,4352,5056,1024,404352,112832,77568,57472,1060416,4544,1024,398912,1920,1280,1920,213312,100224,704,1059392
984,1678144,335040,181056,4288,2624,419648,336704,113984,284800,264960,1413184,4608,1024,331264,43456,1280,1856,155584,88640,768,993536
985,1677824,333120,183936,4352,131136,1088,415296,114560,494336,474304,1203520,4224,1088,409664,124288,1472,2048,228608,94080,576,1202432
986,1117504,334208,182592,4288,2752,1024,417664,113472,61504,41920,1075584,4224,1024,412224,123136,1280,2048,235456,89984,512,1074560
987,1117568,333184,182336,4288,2688,1024,412544,112768,68736,49472,1068096,4416,1088,406912,122304,1280,1856,231488,89536,576,1067072
988,1117760,337344,181568,4352,4800,1152,419904,113856,54784,35136,1082624,4672,1024,414592,127680,1152,2112,238592,88704,640,1081472
989,1677760,326272,182464,4288,3776,1088,680384,136064,343424,323904,1353856,5696,896,675008,128000,1344,2176,466560,100416,768,1352768
990,1678016,336256,180736,4288,2880,1088,463872,129280,559616,539904,1138112,7104,1088,458304,129152,1344,1984,240384,92672,640,1137024
991,1677760,335232,182976,4224,2816,1088,638784,146368,366272,346880,1330880,9024,1152,633024,131904,1280,1984,361920,133888,640,1329792
992,1677952,334848,183744,4352,2816,1024,474880,140288,536000,516288,1161664,8768,960,469440,132096,1216,2176,239360,95360,704,1160640
993,1678016,334848,182656,4352,4928,1152,469888,131840,548352,528576,1149440,8960,960,464128,133376,1216,1984,239744,88768,704,1148288
994,1677696,335488,189696,4416,4096,1152,464704,126016,552128,532800,1144896,8960,1088,458880,103616,1344,1920,207552,89280,704,1143744
995,1677824,331584,189120,4288,2688,414528,473536,126592,135488,115456,1562368,8768,1024,468032,128960,1216,2112,231616,89920,640,1147840
996,1677760,304640,188800,4288,2752,1088,818944,135680,221568,202304,1475456,174464,960,813440,131200,1216,2176,235648,260032,896,1474368
997,1677760,305152,185600,4224,4928,1088,613824,134784,428160,408768,1268992,176768,960,608128,105024,1216,2368,211840,76672,448,1267904
998,1678144,307328,189696,4288,3968,1088,492224,128128,551424,531840,1146304,9024,1024,486912,63232,1472,2240,257472,78208,512,1145216
999,1117632,306880,188032,4288,2752,1152,374656,127296,112576,93248,1024384,8832,1024,369216,39296,1344,2112,140096,78272,704,1023232
1000,1117632,308992,187776,4352,2816,1088,379200,127040,106368,86912,1030720,8640,1024,373888,38656,1344,2176,150144,78272,640,1029632
1001,1677696,305920,186112,4352,2816,1088,488896,128384,560128,540800,1136896,8448,1024,483648,35840,1344,2048,144768,202496,640,1135808
1002,1117824,306240,183104,4224,128512,1088,311936,128320,54400,35008,1082816,9088,1024,306304,896,1536,2048,111552,57088,640,1081728
1003,1117696,307136,183040,4352,2752,1088,311296,127424,180608,161344,956352,8384,1024,305728,896,1152,2240,112256,57216,640,955264
1004,1117824,304256,186368,4352,2752,1088,459200,108160,51648,32000,1085824,8512,1088,453760,896,1216,1984,239040,57088,512,1084736
1005,1117824,308992,189440,4352,2816,1088,308416,105792,196928,177472,940352,8896,960,302784,960,1216,2176,99520,56640,704,939264
1006,1677696,308224,188736,4352,2816,1088,503360,107712,561408,541760,1135936,8768,1152,497728,832,1344,1920,294080,56704,704,1134848
1007,1117888,307328,191296,4288,2944,72000,380096,110464,49472,29696,1088192,8768,1088,374592,1280,1344,1984,170688,56192,640,1016192
1008,1677888,307264,192192,4352,2880,412672,413184,107904,237440,217408,1460480,9088,1088,407488,2240,1280,1984,203008,56192,576,1047808
1009,1117376,310016,189632,4480,4928,1024,434560,107776,64960,45248,1072128,8640,1088,428928,19840,1472,2112,212864,68160,576,1071104
1010,1117696,308160,190080,4288,3328,1024,361920,121984,126912,107072,1010624,8512,1088,356288,1024,1152,2048,126080,78400,448,1009600
1011,1677632,307840,182464,4288,1600,1088,496832,119936,563584,544192,1133440,9152,960,491520,2432,1280,2112,281344,78464,704,1132352
1012,1117888,305472,181952,4288,1536,1024,341888,120448,161280,141440,976448,8832,1024,336320,20416,1344,2112,126464,78528,704,975424
1013,1677504,305792,183104,4224,2880,1088,652672,138496,389248,370176,1307328,8512,1088,647232,92032,1280,2048,406976,104960,704,1306240
1014,1118016,306496,183488,4352,2624,1088,332608,140800,146560,127104,990912,8448,1088,327296,896,1344,2048,93440,100160,576,989824
1015,2237696,308224,183104,4224,2816,1024,1070528,140224,527552,508352,1729344,8512,1024,1065088,2560,1280,2112,834240,97664,640,1728320
1016,1117824,306752,181824,4352,2752,1088,362048,128896,130112,110912,1006912,8896,1088,356416,25984,1408,2048,130176,93696,576,1005824
1017,1118080,303488,181440,4352,2752,1088,349440,118208,157312,137728,980352,7296,1024,344000,44288,1280,2112,145792,95936,576,979264
1018,1117376,306048,182528,4224,2880,1088,320000,119744,180864,161472,955904,7360,1088,314432,832,1344,2048,109952,105536,640,954816
1019,1117440,307328,181248,4352,2752,1024,393984,118592,108160,88896,1028544,7040,960,388544,1280,1344,2048,194048,95040,576,1027520
1020,1678080,303104,181888,4288,130304,1024,551872,119104,386496,366976,1311104,93376,1088,546240,1728,1216,1920,256192,105088,704,1310080
1021,2238400,304960,182528,4352,3072,412416,697280,123520,510272,490304,1748096,105856,960,691968,53376,1280,2240,225728,266816,704,1335680
1022,1677120,303872,182656,4224,5312,1024,602944,131072,446016,426432,1250688,178752,1024,597440,112832,1408,2048,222720,98624,640,1249664
1023,1678144,303040,182016,4352,4288,1024,491840,130688,560896,541056,1137088,94656,1024,486272,87360,1344,2112,199232,97344,704,1136064
1024,1117504,306048,182464,4352,5120,1088,401088,130496,86848,67328,1050176,11008,1088,395072,88000,1216,1856,192064,97600,640,1049088
1025,1117760,304000,183232,4352,5376,1088,348160,131072,140480,121152,996608,10880,1024,342656,37440,1280,2048,138944,97856,768,995520
1026,1117696,304256,182976,4352,6400,1152,395264,130816,92480,73088,1044608,10304,960,389824,86720,1152,2112,187072,97664,704,1043456
1027,1117696,302464,182848,4352,5760,1088,400320,123584,97280,77760,1039936,10560,960,394880,87232,1344,2112,189824,98048,640,1038848
1028,1117696,307584,182656,4416,3520,1024,366016,117760,134720,115456,1002240,8896,1088,360384,62720,1280,2048,166784,90368,640,1001216
1029,1117888,309632,182656,4352,1536,1088,461760,119104,37760,18112,1099776,7232,1024,456064,37760,1344,1984,278784,76672,640,1098688
1030,1117376,306112,182208,4160,1600,1088,407616,118208,96384,76864,1040512,7104,1024,402112,64064,1344,2112,226304,75840,704,1039424
1031,1117888,308608,188864,4288,1536,1024,424448,119104,70016,50496,1067392,7680,1088,419072,42176,1280,2112,211456,80448,512,1066368
1032,1677568,307072,187776,4224,2176,1024,608640,124224,442432,423232,1254336,7424,1088,603200,101760,1152,1984,401536,88576,576,1253312
1033,1117824,306752,188160,4352,2688,1088,375232,130944,108608,89408,1028416,7232,1088,369920,66048,1216,1984,167040,85056,576,1027328
1034,1678400,305536,185344,4288,2688,416256,312320,131392,320576,300352,1378048,7232,960,306944,1344,1472,2112,105408,85952,640,961792
1035,1677248,306496,188480,4352,2752,1024,582592,130688,460864,441344,1235904,7040,960,577280,2176,1344,2048,378112,84800,640,1234880
1036,1117760,307648,188544,4416,2816,1024,385216,117504,110592,91328,1026432,7488,1024,379648,65856,1408,1984,175040,88128,576,1025408
1037,1678016,308672,189056,4288,2880,71744,490880,135872,474624,454848,1223168,49344,960,485376,896,1280,124288,114240,96448,448,1151424
1038,1117376,308288,181888,4288,129728,1088,215168,136384,140544,121152,996224,10368,1024,209728,1536,1280,2048,8832,68608,576,995136
1039,1117888,307008,182912,4224,2816,1024,242560,136192,241152,221696,896192,10304,1024,237056,43968,1088,1920,50880,64320,768,895168
1040,1117312,308480,180800,4288,2752,1024,317056,144448,158464,139072,978240,10176,960,311488,1472,1152,2048,100736,86912,768,977216
1041,1117888,307520,186752,4160,2880,1024,373312,142528,99712,80128,1037760,10240,1088,367744,25856,1408,2048,132672,83200,640,1036736
1042,1678144,307136,188544,4288,2944,72512,827904,152256,122560,102592,1575552,230912,896,822656,896,1408,263936,116544,83712,704,1503040
1043,1117120,309312,187584,4224,3008,1024,248640,151808,211520,192384,924736,10496,960,242944,1152,1152,1856,8832,65152,704,923712
1044,1117760,308096,188288,4224,5120,1024,225216,146368,239424,219968,897792,10176,896,219712,1344,1088,1984,8128,64832,704,896768
1045,1117696,308096,188032,4288,5120,1088,262144,152512,196416,176832,940864,10176,1088,256576,45824,1344,1856,53120,64576,640,939776
1046,1117696,307648,189312,4288,4032,1088,243072,142016,226240,206592,911104,10368,1024,237568,25536,1152,1920,33664,64448,576,910016
1047,1678016,307648,189376,4224,2816,415360,333248,135104,290240,270592,1407424,8896,1024,327744,1472,1216,2048,112128,77696,576,992064
1048,1117440,304128,179904,4160,2944,1088,330688,129728,164800,145344,972096,7104,1024,325248,32960,1280,1856,136128,66688,704,971008
1049,1117312,304896,182400,4288,2880,1024,320384,124352,177088,158144,959168,6784,1024,314944,22592,1472,2176,122816,65920,640,958144
1050,1118208,306944,182336,4224,2944,1088,348096,123392,149184,129408,988800,7104,1088,342464,44992,1408,1984,155712,65792,512,987712
1051,1117504,306560,180416,4224,2944,1088,382080,115648,124544,105344,1012160,7104,1088,376576,78080,1280,2048,192000,65920,640,1011072
1052,1117376,306688,181952,4224,2880,1024,357568,113664,149376,130304,987072,7040,1024,351936,75712,1216,2048,182656,65152,640,986048
1053,1118144,306560,182912,4224,2880,1088,348736,113664,158080,138240,979904,7296,1024,343232,70400,1344,1984,178624,64960,704,978816
1054,1117696,308096,183424,4352,2816,1152,342144,113920,161792,142336,975360,7552,960,336768,69056,1344,2048,170880,65344,768,974208
1055,1117120,311424,183552,4352,2816,1024,356544,120128,137280,117952,999168,6848,960,351232,70528,1280,1984,184896,65792,704,998144
1056,1117888,307968,181568,4416,2880,1024,347392,117696,154944,135616,982272,7360,1088,342144,70656,1280,1920,175616,65216,576,981248
1057,1117824,306368,179904,4160,2816,1024,349696,116928,156928,137344,980480,7232,960,344192,70016,1344,2048,174912,67968,640,979456
1058,1117888,308160,182784,4352,2880,1024,338176,117504,163008,143424,974464,6784,1088,332544,61696,1472,2048,166208,65728,640,973440
1059,1117376,306944,181760,4288,129472,1024,340736,117376,35776,16448,1100928,7424,1024,335040,61376,1344,2048,164928,65152,640,1099904
1060,1117696,305088,181440,4288,2816,1088,409152,111872,101952,82752,1034944,5888,1024,403712,61760,1344,2048,229440,72960,640,1033856
1061,1117376,307072,181312,4224,2944,1152,325376,111936,183360,164160,953216,4544,960,319808,58944,1472,2112,159168,72512,704,952064
1062,1678464,307968,182784,4416,2880,414016,322432,110720,333248,313664,1364800,4544,1024,316736,58304,1280,2048,161152,68032,704,950784
1063,1117504,179712,182592,4288,2880,1088,325184,112832,308928,289536,827968,4416,1088,319424,59008,1344,1856,163968,68864,768,826880
1064,1117504,178368,180928,4288,2880,1024,338624,112640,298752,279616,837888,4544,960,333184,58176,1472,1984,176704,68800,704,836864
1065,1117824,178688,183040,4224,3136,1024,408512,120448,218752,199552,918272,4544,1088,403008,58496,1152,2048,158784,157376,704,917248
1066,1117568,178944,180864,4352,5056,1088,321024,120448,305792,286720,830848,4800,1024,315648,61376,1152,2112,170944,56000,640,829760
1067,1117824,179584,182016,4288,5888,71488,324032,123520,227008,207488,910336,4544,896,318656,60800,1216,1920,173440,56704,512,838848
1068,1117568,180864,180864,4352,5760,1024,331328,115392,297984,277824,839744,4864,1024,325888,60928,1344,1920,178432,56704,640,838720
1069,1117888,179200,183040,4288,4288,1088,386112,114624,245248,225536,892352,4480,1024,380480,60928,1152,2048,235200,56960,768,891264
1070,1117568,180864,181568,4288,4864,1024,305280,114816,324864,305472,812096,4608,1024,299904,61120,1280,2048,157696,55104,640,811072
1071,1117568,179904,181440,4352,5184,1152,306560,115776,323200,303552,814016,4736,1024,301120,61120,1344,1920,158848,55040,640,812864
1072,1118016,179648,182400,4224,5504,1088,389888,115648,239616,219712,898304,4480,1088,384448,65536,1344,2048,240512,55872,640,897216
1073,1117568,178496,182272,4160,3392,1152,316992,107264,323840,304384,813184,4800,1088,311424,67072,1344,1792,166848,55936,704,812032
1074,1117504,180224,182400,4224,1728,1088,314688,103552,329600,310528,806976,4608,1088,308992,67072,1280,2048,166784,55744,704,805888
1075,1117568,180608,181120,4160,1536,1088,320768,102784,325504,306176,811392,4480,1088,315072,67712,1280,2048,173760,55680,512,810304
1076,1117632,181824,183040,4224,1728,1024,299392,103168,343232,324160,793472,4736,1024,293952,66560,1152,2112,153024,55424,640,792448
1077,1678784,179264,180800,4224,1600,414208,284224,103360,511104,490304,1188480,4672,1088,278784,65664,1344,1920,137088,56320,640,774272
1078,1117184,180480,180736,4352,1536,1088,284800,98304,365888,346304,770880,4544,1024,279232,65728,1280,2176,137216,55744,640,769792
1079,1116864,180288,180608,4224,1536,1152,282432,97408,369216,350208,766656,4672,1024,276928,64512,1280,2176,136128,55680,576,765504
1080,1117760,180544,187072,4160,1664,1152,277888,98240,367040,348160,769600,4672,1088,272384,64384,1472,2048,130368,56576,576,768448
1081,1117632,181504,181504,4224,92352,1152,281792,98560,276544,257472,860160,4608,1024,276096,65984,1344,1920,135360,55680,640,859008
1082,1117952,178816,181696,4224,1600,1024,272000,87936,390656,371520,746432,4608,960,266624,55936,1280,2112,125760,55744,768,745408
1083,1117440,178624,182144,4160,1536,1088,269248,88128,392512,372928,744512,4544,1088,263808,55424,1408,1792,125760,55424,576,743424
1084,1117952,180864,179840,4224,1536,1088,268352,88384,393664,374272,743680,4672,960,262976,54720,1344,1984,124096,56000,640,742592
1085,1117568,180416,180928,4288,1664,1152,394048,87936,267136,247744,869824,4608,1024,388544,56320,1216,2176,227136,78208,704,868672
1086,1117632,307776,182144,4224,1664,1024,318656,86272,215872,196672,920960,4608,1088,312960,54400,1408,2048,152896,76928,576,919936
1087,1117696,307136,180608,4224,1600,1088,324224,86976,211840,192192,925504,4864,1088,318720,55232,1408,1856,159552,76224,576,924416
1088,1117824,306496,182016,4288,1600,1088,326080,87680,208576,189248,928576,4544,960,320576,55616,1216,1920,161728,76224,704,927488
1089,1117440,308672,179520,4352,1664,1024,325952,87936,208320,188992,928448,4608,1024,320512,55680,1280,1984,160384,77248,640,927424
1090,1117760,309824,180352,4160,1600,1024,326080,86400,208320,189312,928448,4352,1024,320448,55168,1280,1920,165056,73024,768,927424
1091,1117632,310016,180992,4224,1600,1024,319360,86784,213632,194240,923392,4736,1088,313728,55296,1280,2048,161024,69696,768,922368
1092,1678656,307456,180928,4224,1600,413184,321792,86720,362752,342784,1335872,4608,1024,316224,55872,1408,1984,162944,69952,640,922688
1093,1117184,308864,181824,4160,1600,1024,319232,88064,212416,193024,924160,4544,1088,313792,55680,1472,1920,160128,70784,640,923136
1094,1117568,306752,179648,4288,1600,1152,317312,87360,219456,200256,917312,4480,1088,311680,56576,1216,1920,157440,71296,640,916160
1095,1117696,305088,181760,4160,1664,1088,320448,86144,217344,198272,919424,4352,960,315072,56128,1280,1984,162048,70848,512,918336
1096,1117632,308800,179584,4288,1600,1088,333568,87360,201344,182016,935616,4736,960,328064,65536,1472,1984,170176,74240,704,934528
1097,1117632,307264,179648,4160,1664,71552,340608,90240,122496,103040,1014592,4864,960,335232,67072,1280,2304,174336,77568,576,943040
1098,1117504,307648,180928,4224,1536,1088,338176,86656,197248,177920,939584,4480,1024,332608,67328,1216,1856,171840,78080,640,938496
1099,1117824,310656,180288,4224,1600,1088,356864,86912,176192,156736,961088,4608,1088,351488,67328,1216,1856,191040,77696,640,960000
1100,1117504,308480,181440,4352,1664,1088,325120,87104,208256,188608,928896,4672,1024,319680,65408,1280,2176,159808,77376,512,927808
1101,1118016,308544,181632,4288,1536,1088,337792,86784,196352,176832,941184,4544,1024,332288,67456,1536,2048,172288,77120,640,940096
1102,1117376,309312,182464,4288,92928,1088,358592,85888,82816,63296,1054080,4480,1024,353152,67264,1344,2112,194048,76480,640,1052992
1103,1117696,307008,181504,4352,1664,1088,332288,87360,202432,183424,934272,4480,960,327040,67008,1344,1920,167104,77248,704,933184
1104,1117760,307584,179776,4352,1600,1088,336192,87872,199296,179840,937920,4672,1024,330688,67648,1152,2048,170624,77376,640,936832
1105,1117504,306432,180672,4416,1600,1088,339136,87232,196928,177472,940032,4672,1088,333632,67840,1344,2048,171776,78080,640,938944
1106,1117760,309888,179904,4288,1664,1024,481152,86976,52864,33408,1084352,4672,1088,475776,69888,1216,1920,314304,79104,640,1083328
1107,1678080,306688,180992,4224,1600,410560,339328,86144,348544,328512,1349568,4736,1024,333824,67456,1280,1920,172928,78336,576,939008
1108,1117376,305984,180672,4288,1600,1024,348480,86784,188544,168960,948416,4608,1088,342912,67008,1344,2048,181632,77888,704,947392
1109,1118016,306240,182848,4224,1664,1024,346688,87808,187520,167552,950464,4544,1024,341312,67008,1408,1984,180544,77952,640,949440
1110,1117184,306624,180672,4352,1600,1152,354560,87424,180800,161536,955648,4928,1088,349184,68928,1344,1984,188672,77056,512,954496
1110,1117824,306816,178496,4288,1536,1088,353728,88000,183872,164736,953088,4800,960,348480,70336,1344,1984,186880,78080,704,952000
1111,1118080,305216,181760,4416,1664,1088,474048,87808,62080,42624,1075456,4544,1088,468480,67904,1280,1984,307968,77568,576,1074368
1112,1117376,307008,180800,4288,1536,1088,339136,87168,196352,176896,940480,4544,1024,333504,69888,1216,1984,173696,77184,640,939392
1113,1117824,308608,182656,4352,1664,1152,351808,88128,179456,160192,957632,4736,960,346368,70528,1472,2048,185600,77312,576,956480
1114,1117440,309184,182272,4352,1600,960,333056,86464,199552,179968,937472,4864,960,327488,71680,1408,1984,168576,75840,640,936512
1115,1117696,304896,181312,4288,1600,1024,342912,87872,193792,174080,943616,4608,1024,337408,72832,1408,1984,177408,76992,704,942592
1116,1117952,306432,180864,4288,1536,1088,346432,86720,190592,171136,946816,4672,1024,340800,72128,1344,1920,181504,76544,576,945728
1117,1117696,306944,179648,4224,1600,1088,345728,86144,192320,172416,945280,4864,960,340352,73536,1408,2112,181248,76352,640,944192
1118,1117696,308480,181568,4288,1600,1088,342976,86848,190848,170752,946944,4800,1024,337344,72512,1408,2176,177536,76288,704,945856
1119,1117440,306624,180800,4352,1664,1088,339968,86912,196032,176640,940800,4736,1216,334400,71296,1152,1984,172736,78464,768,939712
1120,1117760,307968,181440,4224,1600,1024,344448,87360,189696,170048,947712,4416,1088,338752,72384,1152,1984,178368,78080,576,946688
1121,1677888,307712,180672,4352,1728,409984,346944,86592,339904,320576,1357312,4544,1024,341120,72576,1408,1984,176320,82304,576,947328
1122,1677568,305664,182336,4416,129536,1024,528256,100096,426240,406592,1270976,4352,960,522688,53056,1152,1920,346688,92480,576,1269952
1123,1117824,306240,181888,4352,2880,1024,318016,101504,201920,182336,935488,4608,1024,312448,52992,1280,2112,147712,78336,640,934464
1124,1117568,307648,182656,4288,2816,1088,336640,99456,182976,164096,953472,4736,1024,331008,64000,1280,2048,165056,79872,832,952384
1125,1117888,303936,183424,4416,2880,1152,342144,108544,171392,152064,965824,4800,960,336704,59456,1280,1920,162368,88256,768,964672
1126,1118336,308032,182144,4352,2816,70912,327744,112192,110144,89984,1028352,4544,1152,321920,58560,1344,2048,156416,77888,640,957440
1127,1116736,307456,181504,4224,2688,1088,327808,107968,184000,164800,951936,4416,1088,322240,59264,1152,1920,157824,78144,512,950848
1128,1117952,310848,181504,4288,2816,1088,332928,108864,175616,156288,961664,4608,1088,327488,60288,1344,2176,160960,78656,704,960576
1129,1117888,307648,185664,4288,2816,1152,355008,109376,151936,132416,985472,4736,1088,349696,59904,1216,1920,163136,78016,576,984320
1130,1117504,309248,190400,4288,2880,1024,348992,100352,160320,141056,976448,4544,1024,343424,60608,1216,1920,165440,78016,640,975424
1131,1117504,309376,188608,4352,2816,1024,345856,100928,164544,144960,972544,4608,1024,340352,63936,1280,2112,164672,77120,704,971520
1132,1117888,309504,189440,4416,2944,1024,401856,100352,108352,88512,1029376,4672,1088,396288,61248,1344,1920,219776,77824,640,1028352
1133,1117888,306560,186176,4224,2688,1088,334656,87744,194752,175040,942848,4736,1024,329344,58752,1408,1792,152448,76480,576,941760
1134,1117376,307520,185536,4288,2816,1024,331008,87680,197504,178240,939136,4736,1024,325376,59072,1152,1984,152576,77248,640,938112
1135,1678400,305280,186368,4224,2880,408128,333056,87104,351360,331264,1347136,4544,1024,327488,58112,1216,1984,153472,77632,704,939008
1136,1117568,308736,180800,4352,2880,1152,322176,86592,210880,191168,926400,4480,1088,316608,58176,1280,2048,155392,78720,448,925248
1137,1117440,305984,180608,4224,2880,1088,317120,87040,218496,199104,918336,4608,896,311872,57792,1152,1984,150656,77760,640,917248
1138,1117120,306816,182912,4096,2816,1024,321856,86656,210944,192128,924992,4608,1024,316288,62720,1344,2048,156032,76992,704,923968
1139,1118016,307776,181120,4224,2752,1024,320000,86464,214656,195904,922112,4672,1024,314560,61376,1280,1984,154368,77184,576,921088
1140,1118016,305920,187136,4224,2880,1088,347392,86848,182528,163200,954816,4608,1088,341952,60736,1344,2112,154496,77632,576,953728
1141,1117376,308480,187520,4224,2752,1024,339200,86400,187776,168192,949184,4736,1024,333824,62272,1216,2048,161472,77312,640,948160
1142,1117952,308032,186176,4224,2816,1088,341824,86912,186880,167616,950336,4544,1088,336320,66816,1280,2048,163072,76992,640,949248
1143,1117632,314560,182976,4288,4864,1088,345344,86656,177856,158848,958784,4544,1088,339776,67008,1344,1984,165248,76864,576,957696
1144,1117568,306304,186688,4288,94784,1024,340800,86656,97024,77440,1040128,4672,1088,335168,66368,1408,1984,161728,77184,640,1039104
1145,1117824,308224,188736,4352,3392,1024,331968,87232,192896,173312,944512,4544,1024,326592,55168,1408,1984,152512,77696,512,943488
1146,1117504,306432,188096,4352,1728,1088,311424,85952,218432,199104,918400,4800,1088,305920,39680,1472,2048,137664,76992,576,917312
1147,1117824,309696,180032,4288,1600,1088,302016,87552,231552,212160,905664,4736,960,296512,39104,1344,2048,135808,77248,576,904576
1148,1117312,306688,181184,4160,1664,1088,299520,86464,236544,217664,899648,4800,1088,294016,39424,1152,2112,133248,77696,576,898560
1149,1118016,306368,180288,4352,1536,1024,298624,86272,239552,220160,897856,4544,1024,293120,39168,1408,1920,133312,77184,704,896832
1150,1678208,308352,180608,4416,1664,409088,297984,85632,390464,370688,1307520,4800,960,292672,39488,1472,1984,132032,77184,704,898432
1151,1117120,308480,180800,4224,1600,1088,299328,86080,235520,215808,901312,4928,1024,293952,38976,1408,2112,131840,78656,640,900224
1152,1117632,304000,182592,4288,1600,1024,363328,86848,173952,154624,963008,4480,1088,357760,40896,1344,2048,197824,77312,448,961984
1153,1118016,306688,180224,4352,1600,1088,323200,87168,213696,193984,924032,4672,1024,317760,55808,1344,1920,156928,77312,704,922944
1154,1677312,304960,180480,4288,2816,1024,581568,105920,496256,477248,1200064,4800,960,576064,122624,1344,2048,380864,107456,640,1199040
1155,1117568,304256,182208,4288,2816,1088,284416,106816,231680,212992,904576,4544,1024,279040,832,1280,2112,94720,98176,576,903488
1156,1118336,304640,180160,4288,2880,73088,278144,108288,166848,146816,971520,4416,1088,272512,1216,1344,2048,89920,96640,704,898432
1157,1117184,307776,181504,4224,2816,1088,408832,106752,104192,85056,1032128,4672,1024,403392,1664,1344,1920,219520,97280,640,1031040
1158,1118080,307328,181888,4352,2816,1024,411456,105856,103360,84352,1033728,4480,1024,406208,43264,1280,1856,233280,86464,576,1032704
1159,1117312,310144,181952,4416,2816,1088,324032,107712,185152,165760,951552,4544,1024,318464,23488,1344,2048,137088,94976,576,950464
1160,1117632,305280,181568,4352,2816,1024,445952,105408,71232,52224,1065408,89536,1152,440320,45440,1344,1856,168128,100864,640,1064384
1161,1677952,308800,179200,4288,2816,1088,782912,105472,293376,273920,1404032,273088,1024,777536,45568,1408,2112,301376,120192,512,1402944
1162,1677760,307136,180672,4224,2816,1024,651200,105728,424960,405824,1271936,274496,960,645888,46080,1280,1984,170304,119232,704,1270912
1163,2238464,308928,184960,4288,2880,406592,747840,107200,475776,455424,1783040,184768,960,742720,88704,1408,2112,344640,131072,448,1376448
1164,1677696,305856,182272,4224,132160,1152,609088,113664,329280,309632,1368064,6080,960,603328,132032,1216,1984,262720,252992,704,1366912
1165,1117568,308352,182592,4352,6016,1088,362560,120320,132288,112832,1004736,4416,960,357184,93312,1344,1856,191680,74880,768,1003648
1166,1118016,307648,181888,4224,6336,1088,306240,118592,192000,172032,945984,4672,1088,300736,45952,1344,2048,137088,75136,704,944896
1167,1117312,306304,182400,4288,6144,960,311616,119104,186496,166976,950336,4480,960,305984,44864,1216,1984,143872,74880,768,949376
1168,1117696,310144,181568,4224,6208,1088,310336,110912,193216,173504,944192,4480,1024,305088,44864,1280,1856,141440,75392,576,943104
1169,1117824,306624,182720,4224,5440,1024,314560,105856,197376,177408,940416,4608,960,308992,48832,1216,2048,147008,74944,576,939392
1170,1117568,306432,182272,4352,3968,1088,309056,106112,204288,184832,932736,4992,1024,303552,49408,1408,2112,143552,73216,704,931648
1171,1117632,305728,181248,4224,1600,960,312768,106624,204480,184960,932672,4672,1088,307456,48384,1280,1920,146624,74816,704,931712
1172,1117504,310400,181760,4416,1600,1088,316032,105344,196864,177088,940416,4864,1024,310656,48768,1472,2240,149248,74688,704,939328
1173,1117504,306752,181824,4160,1536,1024,312256,105856,204096,184768,932736,4672,960,306624,48384,1472,1856,143296,77952,768,931712
1174,1117568,307776,181632,4224,1600,1024,307584,106432,207296,187840,929728,4672,1024,302208,45952,1408,2048,141760,74688,576,928704
1175,1117760,308608,181248,4288,1536,1088,263360,106304,251328,231744,886016,4736,960,257920,1408,1408,1984,92224,80704,704,884928
1176,1117888,303808,182592,4416,1664,1088,307904,106240,210176,190784,927104,4416,1024,302464,50112,1280,2048,142016,75712,640,926016
1177,1678208,306240,180608,4160,1664,409664,325824,106176,343872,323840,1354368,4864,1088,320320,1600,1216,2048,156800,77440,640,944704
1178,1116928,305600,180096,4288,1600,1088,279808,105792,238656,219264,897664,4864,960,274560,23040,1216,1792,110080,78976,640,896576
1179,1117952,307072,181184,4288,1536,1024,266432,86976,269440,249728,868224,4672,1024,260928,896,1408,2112,94592,79296,704,867200
1180,1117568,308928,180800,4352,1664,1024,355648,86720,178432,159168,958400,4736,1024,350144,1664,1344,1984,191296,76224,640,957376
1181,1117760,307392,181376,4288,2752,1088,368576,100480,151808,132352,985408,4864,1088,363136,17984,1472,1920,119360,159104,704,984320
1182,1117952,305152,181184,4416,4928,1088,337536,99264,184384,164480,953472,4800,1024,332096,960,1216,1856,190720,55680,576,952384
1183,1117184,308224,180992,4288,4928,1024,261376,100544,255808,236544,880640,4672,1088,255872,704,1408,2176,114048,55488,576,879616
1184,1117888,308224,182976,4352,131072,1024,266048,100032,124160,104704,1013184,4736,896,260544,896,1280,1984,115456,55680,768,1012160
1185,1677952,305408,180736,4224,1728,960,978624,99456,106816,87360,1590592,4800,1024,972992,1280,1344,1984,830592,56768,640,1589632
1186,1117696,308096,182592,4288,1600,71296,252992,102144,194688,174720,942976,4736,1088,247616,1408,1280,1984,106944,55552,640,871680
1187,1677824,308352,181440,4288,2304,71680,777280,115008,217472,197760,1480064,284992,1024,771840,50688,1344,105024,230720,69632,768,1408384
1188,1117504,305280,179328,4224,2816,1088,186048,117760,320960,301440,816064,5312,960,180608,704,1280,1920,8064,60224,704,814976
1189,1117760,305024,181440,4224,2816,1088,164032,105664,353472,334144,783616,5248,1024,158464,1152,1024,1920,7872,60160,704,782528
1190,1117888,304960,179008,4224,2816,1088,158848,110336,356608,336960,780928,5120,1024,153344,1344,1152,1920,8000,59968,832,779840
1191,1678080,305536,180544,4288,2816,410688,225472,111488,437248,417216,1260864,5120,1024,220224,1472,1216,1856,59968,72576,704,850176
1192,1116992,302528,180032,4288,2880,1024,320896,111168,194176,174912,942080,5248,1088,315392,22848,1152,1856,144896,82752,640,941056
1193,1117760,303296,181760,4288,2880,1024,280512,106624,237376,218048,899712,4992,1024,275072,896,1408,2048,104000,84160,832,898688
1194,1118016,303552,181440,4288,2752,1152,281344,101824,241664,222144,895872,5312,960,276032,1216,1344,2112,105600,83520,640,894720
1195,1117760,305216,178752,4224,2816,1088,282496,102272,240896,221184,896576,5376,1088,276992,1792,1344,1920,108032,83008,704,895488
1196,1118016,305600,181056,4352,2880,1088,303872,86656,232512,212928,905088,5120,960,298432,25600,1344,1792,129024,82816,576,904000
1197,1117056,308224,181760,4288,2816,1088,359552,85696,173632,154688,962368,4736,1088,354240,99328,1152,1856,212800,59328,704,961280
1198,1117632,309184,180736,4288,2752,960,308416,86400,224896,205312,912320,4480,1024,302976,49088,1408,2048,163072,57216,768,911360
1199,1117760,308864,180608,4416,2752,1088,303616,86592,229824,210496,907264,4672,1024,298176,49408,1472,1920,159296,56448,704,906176
1200,1117440,306432,180480,4224,2688,1088,303040,86336,233152,213760,903680,4800,1024,297408,48512,1152,1920,158400,56448,704,902592
1201,1117824,306752,181504,4288,2752,1024,302464,86080,232960,213376,904448,4864,1024,296768,48640,1408,1984,157376,56256,704,903424
1202,1117696,308160,182208,4352,2816,1024,302272,86848,230016,210944,906752,4928,1024,296832,49088,1152,1920,157632,56000,704,905728
1203,1117376,307264,181760,4224,2752,1024,310080,86464,223808,204352,913024,4672,1024,304704,49728,1344,2112,165632,56448,576,912000
1204,1117888,308160,181120,4352,2752,1088,354432,90368,175616,156160,961728,4672,1024,348864,96896,1344,1920,210688,55616,704,960640
1205,1117504,310080,182976,4352,131392,1024,301376,85504,100800,81088,1036416,4544,1024,296000,49600,1280,1984,157824,55936,640,1035392
1206,1678464,306880,180800,4224,2752,410496,298560,85824,388928,368704,766656,4672,960,293312,44480,1280,2048,155328,55232,576,356160
1208,1116864,307776,181952,4288,2688,1024,302400,86464,230272,210880,905984,4672,960,297088,48896,1408,1920,159488,55040,448,904960
1209,1118080,306368,182016,4288,2688,960,308544,86528,226688,207104,910976,4352,960,302912,48768,1344,2112,164160,56192,640,910016
1210,1117568,307904,181056,4224,2752,1088,396160,86080,138304,118784,998784,4864,1088,390720,48704,1280,1984,249792,57344,576,997696
1211,1117312,309184,179776,4224,2880,960,298944,86400,234944,216128,901184,4864,1024,293696,49152,1280,1984,154816,56640,512,900224
1212,1118208,306880,179968,4352,2816,1024,300992,86016,236160,217088,901120,4800,960,295488,49152,1216,1856,156224,56960,640,900096
1213,1117568,308608,180672,4352,2688,1088,301952,86080,232128,212480,905088,5056,1024,296640,49408,1408,2048,155328,58368,704,904000
1214,1117568,309248,179648,4160,2816,1088,303872,86400,230336,211456,906112,4672,1024,298496,49024,1344,1984,157568,57920,768,905024
1215,1117696,307392,180672,4224,2880,1088,304832,86080,230528,211328,906368,4672,1024,299328,49728,1344,2048,158592,57408,512,905280
1216,1118080,308032,181568,4352,2816,1152,383424,86592,150144,130496,987584,4736,960,377856,50880,1280,2112,238208,56704,640,986432
1217,1117696,309376,180864,4288,2752,71104,347392,87232,114688,94912,1022784,4864,1024,341888,97216,1280,2048,202432,56704,640,951680
1218,1677760,307328,182592,4288,2880,1088,564736,107456,507392,487744,1190016,4288,1088,559296,72384,1408,1920,384192,88512,768,1188928
1219,1117504,306688,182144,4416,2880,1024,263680,107264,249408,230080,887424,4480,1088,258112,896,1280,2048,95680,76928,576,886400
1220,1117760,307648,181504,4288,2752,1088,264448,107392,248640,229376,888384,4416,1088,259072,1664,1344,2048,96512,76736,704,887296
1221,1678208,306432,183744,4352,5056,412416,294976,105792,365440,345664,1332544,4608,1088,289664,24704,1344,1920,124160,79296,704,920128
1222,1117376,303616,181376,4352,5120,1088,339200,106432,176192,156096,961280,4352,1024,333696,832,1344,2048,139520,107904,640,960192
1223,1117440,305728,179136,4288,2624,1024,288576,107456,228608,209216,908224,4608,1088,283072,832,1344,2112,89408,108032,704,907200
1224,1117888,307584,182848,4288,2688,1024,282560,103744,233152,213952,903936,4864,1088,276992,896,1344,2048,87616,103744,704,902912
1225,1117568,307200,182144,4352,2624,1088,373376,106048,140736,121216,996352,4608,1088,367872,1344,1280,1984,175872,105728,576,995264
1226,1117888,308096,181504,4288,2560,1152,285248,106624,228416,208896,908992,4288,1024,279744,1344,1408,1920,96960,97920,640,907840
1227,1677760,303680,180480,4224,130688,1152,626176,113920,317440,298304,1379456,6080,1024,620544,52800,1472,2112,290816,240064,576,1378304
1228,1117952,303680,182400,4288,5056,1088,357056,115328,149056,129600,988352,8320,1088,351296,43648,1472,1856,157952,102208,576,987264
1229,1677504,306688,184896,4416,3008,1024,593088,280000,304384,285120,1392384,8384,1088,587520,87616,1408,2048,387008,107584,704,1391360
1230,1678208,304704,185152,4416,3008,1024,480960,182144,516800,497024,1181184,8192,1024,475328,61376,1344,2048,275712,107264,576,1180160
1231,1677952,305920,184832,4288,5120,1024,493824,182656,500288,480704,1197248,8384,1088,488128,86592,1280,1984,289088,107456,704,1196224
1232,1677888,307584,180992,4160,6528,1088,459200,176000,542336,522496,1155392,6592,1024,453696,61696,1152,1856,268032,95360,448,1154304
1233,1678144,306816,182528,4352,3840,411520,462656,168064,138368,117952,1560192,4736,1024,456896,87040,1280,2112,287680,82560,768,1148672
1234,1117248,306432,181952,4224,2176,960,498688,98816,24000,4096,1113152,4864,1024,493376,37632,1344,2112,328640,78592,704,1112192
1235,1117440,310592,181120,4224,2752,1088,357696,86784,173184,154112,963328,4544,1088,352128,71168,1216,2112,191168,75456,576,962240
1236,1117888,309888,181376,4288,3840,1088,348608,86912,181888,161984,955904,4736,1152,343232,63488,1280,2112,179392,80512,512,954816
1237,1117568,306432,179840,4352,4864,1152,339584,85952,195392,176128,941440,4608,960,333760,64576,1280,2112,174464,75904,576,940288
1238,1117504,307648,180672,4224,3328,1024,310016,86016,224576,205248,912256,4672,1024,304576,40192,1280,1984,145792,75520,704,911232
1239,1117824,307008,180416,4224,1472,1152,333376,86592,203584,184000,933824,4800,960,327936,63936,1280,1984,170176,74752,640,932672
1240,1117440,305728,181824,4160,1600,1088,414784,86400,121856,102208,1015232,4736,1024,409408,88192,1344,1920,250240,75520,576,1014144
1241,1118272,305280,182464,4224,1536,1088,349056,86336,188288,168768,949504,4800,960,343616,87424,1216,1984,184192,75904,640,948416
1242,1117504,307648,181760,4288,1600,1088,351296,86208,183616,163968,953536,4800,1024,345728,88704,1408,1984,186048,75904,704,952448
1243,1117632,305472,181504,4288,1536,1088,350208,86080,187456,167808,949824,4672,960,344640,86400,1344,1792,185280,75520,512,948736
1244,1117760,305344,180352,4416,1600,1088,289152,85760,250048,230336,887424,4864,1088,283712,24064,1408,1984,121408,78976,640,886336
1245,1117696,306176,184320,4224,1536,1024,259136,87296,273984,254400,863296,4544,960,253632,1216,1408,1856,95360,75584,640,862272
1246,1117696,306496,180416,4352,129728,1152,351872,86336,57344,37504,1080192,4672,960,346368,1408,1408,1984,179264,83264,768,1079040
1247,1117952,304128,181504,4224,1728,72064,305280,87232,161792,141568,976384,4800,1088,299776,43264,1280,2112,134208,81984,576,904320
1248,1677824,307136,180672,4352,1536,412608,262144,86464,422912,402432,1275392,4480,1024,256576,896,1280,2112,95232,78400,640,862784
1249,1117504,305536,179584,4224,1536,1088,386368,86080,153088,133568,983936,4736,1024,380928,1728,1280,1984,220352,77696,640,982848
1250,1117696,308800,181376,4288,1664,1152,309312,86656,224448,204672,913024,4352,1088,303936,42880,1280,2048,145088,76160,576,911872
1251,1117120,303872,181376,4352,2176,1088,376128,98304,149824,130880,986240,4480,1088,370752,960,1344,1984,105216,182784,768,985152
1252,1117824,307328,180928,4224,4800,1088,342848,106560,170048,151040,966784,4608,1152,337408,1664,1408,2048,191872,56064,704,965696
1253,1118016,308800,183296,4288,4864,1088,286528,106368,222784,203328,914688,4672,1088,281024,26304,1280,2112,137856,56384,704,913600
1254,1677888,306176,180544,4288,4032,71424,890944,122432,98048,78720,1599168,212288,1024,885504,49408,1408,294208,230592,65664,640,1527744
1255,1117696,306624,182336,4224,2752,1088,194816,123712,302144,282624,835072,4928,1088,188992,768,1216,2112,8256,57472,704,833984
1256,1117760,308416,181312,4224,2752,1024,163200,124672,332160,312896,804864,5248,1024,157632,704,1280,1920,6912,58112,768,803840
1257,1118336,307648,180160,4288,2752,1024,168064,130304,324096,304064,814272,5504,960,162624,768,1152,1920,7296,57728,704,813248
1258,1116864,306368,183296,4224,2752,1024,229312,137664,252224,232896,883968,5120,1024,223680,704,1280,1920,64512,68992,768,882944
1259,1117952,307200,181120,4224,2880,1088,286592,136064,198784,179520,938432,5184,1152,280896,832,1472,1920,101952,76800,640,937344
1260,1117248,310720,180224,4288,2752,1024,279040,131520,207680,188544,928704,4992,1088,273536,960,1280,1984,106368,76736,704,927680
1261,1118016,307264,181888,4288,2688,1216,290432,125120,205120,185536,932480,5120,1024,285056,1600,1216,2112,118272,77312,512,931264
1262,1678144,308096,182720,4352,2816,419776,273856,132672,353856,334080,1344064,4480,960,268416,1856,1344,1984,120960,59264,576,924288
1263,1117440,309312,180480,4416,2880,1024,342976,115648,160704,140928,976512,4544,1024,337600,86912,1280,1984,191040,56192,640,975488
1264,1117504,306880,181504,4288,2752,1152,331840,115840,173248,154112,963392,4800,960,326336,65728,1280,2048,181824,57024,576,962240
1265,1118080,308608,182144,4288,2752,1152,296128,114432,208576,188928,929152,4544,1024,290624,40576,1344,2048,146048,57408,640,928000
1266,1117632,312128,182720,4224,2816,1024,307840,108160,198720,178880,938752,4672,1024,302528,39296,1344,1920,156928,57664,576,937728
1267,1117312,307968,180352,4288,132608,1088,350144,105600,35264,15616,1101696,5120,1088,344448,39552,1408,1984,201088,55744,768,1100608
1268,1117248,308288,181760,4416,2816,1088,282944,104960,230976,212160,905088,4672,1024,277312,39616,1472,1984,136256,55424,576,904000
1269,1118144,308992,182848,4288,2880,1088,286592,105280,226176,206848,911296,4672,1024,281088,39424,1344,1984,139968,55616,768,910208
1270,1117888,309312,180544,4288,2944,1024,280832,104768,234176,214400,903488,4480,1088,275456,39296,1216,2048,134080,55872,640,902464
1271,1117440,308288,185408,4224,2752,1088,310528,105728,199424,179776,937664,4672,1088,304960,39488,1344,1920,142912,55360,704,936576
1272,1117760,308096,187392,4288,2816,1024,295616,105088,213440,193920,923840,4608,1024,290112,39296,1280,1920,138112,55296,640,922816
1273,1117632,306944,188416,4352,4928,1024,298880,105024,208064,188544,929088,4544,1024,293376,39808,1216,1856,140224,55616,448,928064
1274,1117632,306816,187392,4288,4992,1024,299072,104768,209280,189504,928128,4736,1024,293568,39680,1408,1984,138816,56064,704,927104
1275,1117440,304960,187648,4352,3840,1088,305088,106304,204160,184896,932544,4928,1024,299776,40000,1536,1856,144960,55872,576,931456
1276,1118208,308288,186816,4224,2688,1088,368960,105152,140992,121216,996992,4608,960,363392,40320,1216,1856,209408,55936,576,995904
1277,1678208,303872,186112,4352,2752,478400,535872,114560,52288,32000,1646208,4608,1024,530048,75776,1280,2112,357504,72512,768,1167808
1278,1117184,308224,182720,4352,2944,1088,336128,120192,161536,142016,975168,4416,1088,330560,67712,1408,1984,165632,74880,576,974080
1279,1117760,307840,180288,4224,2816,1088,341440,119680,160384,141312,976448,4480,960,336192,66816,1408,2048,172736,75776,576,975360
1280,1117376,308992,183232,4160,2880,1088,340864,120576,155584,136832,980544,4736,896,335360,66560,1408,1984,169408,77568,832,979456
1281,1118080,306944,182144,4288,2944,1152,350848,119552,150208,130752,987328,4416,1088,345344,67584,1536,2048,176576,80576,704,986176
1282,1117504,305792,188608,4288,2816,1024,368768,119744,126464,107072,1010432,4416,1152,363264,66816,1408,1984,172992,75584,640,1009408
1283,1117568,306816,187904,4288,3904,1088,356096,120832,136640,117440,1000128,4160,1024,350528,66752,1408,1984,172032,78016,512,999040
1284,1118016,305600,188800,4288,4992,1088,351168,120128,141952,122368,995648,4480,1088,345536,66176,1472,2112,167936,75584,512,994560
1285,1117568,307264,184448,4288,3904,1088,348608,119360,148608,129088,988480,4480,1024,342912,67008,1216,1984,164992,75008,576,987392
1286,1117568,307200,189376,4352,2880,1088,351808,116032,144832,125696,991872,4736,1088,346496,68096,1216,2112,169280,76800,576,990784
1287,1117824,306560,188160,4288,2688,1152,354176,115264,145536,126208,991616,4352,1088,348608,66944,1216,1920,173632,75136,576,990464
1288,1117568,306176,188096,4288,131392,1088,314944,116608,54976,35648,1081920,4416,1024,309248,64512,1344,1984,135424,75264,576,1080832
1289,1117568,306688,182848,4352,2752,1088,302976,116032,200832,181440,936128,4608,1024,297536,64512,1344,1920,134912,75456,640,935040
1290,1117888,308992,181632,4288,2880,1088,301440,111424,206144,186752,931136,4672,1088,296064,66112,1408,2240,134208,74432,512,930048
1291,1677696,308928,181376,4224,2816,1088,516416,118976,543872,524544,1153152,4864,960,510784,38016,1216,1984,333952,89024,640,1152064
1292,1678208,305472,182144,4352,2816,419648,334656,105216,323904,304064,1374144,4544,1088,328960,83520,1280,2176,163456,76800,640,954496
1293,1117824,302912,183744,4224,4928,1088,238272,104256,278400,258432,859392,4288,1088,232896,832,1280,1984,71872,75200,640,858304
1294,1116864,307520,180160,4224,4928,1152,376320,107072,135488,116352,1000512,4736,960,370816,960,1152,1920,173632,110592,704,999360
1295,1117888,333824,181632,4224,2816,1024,375424,109248,109696,90496,1027392,4608,1024,370112,1664,1280,2048,185728,97408,640,1026368
1296,1117568,333376,180544,4224,2880,1088,435328,106944,53184,34240,1083328,4608,1088,429824,22592,1280,1856,247872,94912,704,1082240
1297,1117760,336768,180800,4288,2816,960,371584,106112,114432,95552,1022208,4352,1088,365952,75776,1280,1920,182912,96704,512,1021248
1298,1117824,335168,181952,4416,4928,1024,292160,107840,190336,171072,946752,4416,1024,286784,832,1280,2112,105152,95232,576,945728
1299,1117312,337408,182080,4160,4864,1088,295616,99648,192448,173056,944256,4672,960,290112,1216,1280,1920,115200,88384,768,943168
1300,1117568,337408,183168,4288,3456,1152,297088,99904,191104,172096,945472,4608,1088,291648,1920,1344,1920,118976,88000,768,944320
1301,1678400,318912,182336,4224,2688,1152,619200,99072,450816,431488,1246912,193216,1024,613504,92672,1280,1920,227136,112832,640,1245760
1302,1677888,332608,179520,4160,2816,1024,788608,124672,244480,224896,1452992,87488,1088,783040,113280,1536,2240,452672,123648,768,1451968
1303,1677568,331584,182656,4288,2752,1024,472896,122752,559616,540288,1137280,10944,960,467456,113792,1408,2048,229376,111744,576,1136256
1304,1678144,329920,182848,4224,2752,1024,469504,116160,571712,552128,1126016,10240,1024,464064,113792,1472,2048,226368,111808,704,1124992
1305,1678144,328000,182016,4224,4864,416576,462272,115136,165056,144960,1533184,10048,896,457024,115200,1216,2048,220288,111296,512,1116608
1306,1117376,333056,183808,4288,5056,1152,441856,113152,35008,15296,1102080,9856,1024,436416,93824,1472,1984,197120,114432,704,1100928
1307,1677952,332864,181888,4352,130304,71360,463040,111296,382848,361984,1315968,10368,1088,457408,114688,1472,2112,219520,112128,576,1244608
1308,1117248,329920,182144,4160,2880,1088,457216,110016,29824,10240,1107008,10176,1024,451776,109376,1344,2176,216576,109632,704,1105920
1309,1117824,336896,182464,4224,2816,1088,394752,109440,86144,66880,1050944,6656,1024,389248,68544,1536,2112,177984,89792,640,1049856
1310,1117824,336064,182080,4224,2752,1024,406400,109632,75648,56256,1061568,6656,1024,401024,77632,1344,2048,191936,88832,640,1060544
1311,1117568,333824,182144,4096,2624,1024,408704,108352,76800,57088,1060480,7040,1088,403008,82304,1472,1920,191872,88704,512,1059456
1312,1117248,335168,180288,4160,2624,1088,386624,110400,96896,77504,1039744,6912,1024,380864,60544,1472,2048,170112,89280,576,1038656
1313,1678080,335808,183424,4288,2816,1024,488704,118144,543872,524352,1153728,6976,1024,483072,58880,1600,1920,164352,195520,640,1152704
1314,1117376,332992,181632,4224,4928,1024,335424,118656,138496,119296,998080,6912,960,329984,26432,1408,2048,130560,75904,768,997056
1315,1117440,334720,182208,4224,3968,1088,336960,118720,135552,116736,1000704,7232,960,331648,26816,1664,2176,131200,76288,704,999616
1316,1118144,333248,182912,4288,2624,1088,428288,110208,55488,36160,1081984,6720,1024,422784,26304,1408,2048,221952,77504,576,1080896
1317,1118080,304256,181056,4224,2688,1088,392320,108480,123968,104448,1013632,6976,1152,386560,27328,1536,2048,182976,79744,768,1012544
1318,1117184,303616,181760,4224,2688,1088,330368,109632,183808,164096,953088,6976,960,324992,26624,1280,1920,124032,78464,704,952000
1319,1678144,306560,182656,4160,2560,412736,335104,108416,325952,305920,1372224,6592,1024,329728,26816,1344,2048,125056,81728,704,959488
1320,1117568,304704,182848,4224,2688,1088,341504,110400,170112,150016,967552,6912,1024,336000,26624,1344,2112,132288,80512,768,966464
1321,1117504,304768,181824,4288,2688,1088,430080,95424,97344,78016,1039488,6976,1088,424448,28352,1344,2048,218816,83264,704,1038400
1322,1117824,305152,184000,4352,2624,1024,364800,95808,160064,140480,977344,6912,1024,359232,40192,1344,1984,136768,80576,768,976320
1323,1677760,301632,187584,4224,2688,1152,579904,114816,485760,466432,1211328,6848,960,574464,26176,1408,2048,333248,106112,768,1210176
1324,1677824,304128,187712,4224,4096,1088,506944,123520,546112,526656,1151168,6912,1088,501440,26112,1344,2048,121728,240576,768,1150080
1325,1117760,308032,187712,4160,4928,1024,357824,123456,130624,110912,1006848,6720,1024,352384,31616,1408,2112,131968,80384,640,1005824
1326,1117504,309376,187584,4224,3968,1088,413376,115648,82240,62976,1054528,4736,1024,407872,34496,1408,2048,218560,83008,640,1053440
1327,1118016,305408,188352,4224,156160,1024,310720,113408,38720,18688,1099328,4608,1024,305024,33920,1344,2112,123072,80448,704,1098304
1328,1117568,306112,188672,4224,2816,1088,305728,115200,193728,174336,943232,4736,1152,300352,33536,1472,2048,124992,72640,576,942144
1329,1117760,306048,180864,4416,2816,1088,294656,114112,213760,194112,923648,4608,1088,289408,34048,1344,2048,125952,75840,640,922560
1330,1117632,306816,179968,4224,2816,1088,300160,114496,208064,188480,929152,4672,1024,294400,33792,1280,1920,127680,78912,640,928064
1331,1117888,305280,181120,4224,2752,960,368512,115264,139776,120000,997888,4864,960,363072,101120,1280,1920,197952,77824,704,996928
1332,1117248,305856,182080,4288,2688,1088,370624,106816,143808,124608,992640,4288,1024,364928,100736,1216,1984,198144,78592,704,991552
1333,1678144,306368,188544,4160,2880,416320,400128,106176,253568,233728,1444416,4544,1024,394688,102080,1536,1856,202304,79808,704,1028096
1334,1117568,307136,188608,4224,2752,1024,382592,107712,123520,103936,1013632,4928,1088,377024,102336,1600,2112,199552,79104,704,1012608
1335,1117504,307392,188800,4288,2752,1024,387840,105600,119808,100800,1016704,4608,1024,382400,103424,1280,1984,203520,79552,576,1015680
1336,1118272,307520,184768,4160,2752,1152,385152,106176,126592,106560,1011712,4864,1024,379648,100736,1216,1984,201152,78144,768,1010560
1337,1117952,305472,187456,4288,2752,71040,368640,99648,78656,58176,1059776,4544,1024,363264,83072,1216,1984,184064,79488,448,988736
1338,1117056,309376,188224,4288,3904,1088,344128,86464,179584,160320,956736,4608,960,338560,63552,1216,2112,161984,78464,704,955648
1339,1117312,305792,187264,4352,4992,1088,377664,86080,150080,131072,986240,4672,1088,372352,100416,1344,2048,201216,78848,704,985152
1340,1118144,305600,182080,4288,3392,1088,330048,87808,203840,184512,933632,4544,1024,324544,64256,1344,2048,162240,78976,576,932544
1341,1117440,305792,181440,4224,1536,1088,326656,86080,210624,191424,926016,4608,960,321216,56832,1216,1920,158976,78976,704,924928
1342,1117440,304896,180608,4224,1664,1088,328064,85952,210944,191936,925504,4800,1024,322624,56000,1280,2112,159680,79680,640,924416
1343,1118080,308224,179264,4160,1536,1088,398720,86208,138880,119168,998912,4672,1024,393152,57344,1408,2048,231488,77952,768,997824
1344,1117696,304704,181952,4160,1536,1088,324096,86208,213952,194240,923456,4608,1024,318592,55616,1280,1984,156608,78592,512,922368
1345,1117632,306880,179648,4288,1664,960,384960,85952,153280,133568,984064,4480,1024,379264,58112,1344,1920,216384,80320,576,983104
1346,1117632,304960,183296,4288,1600,1088,398144,85888,138368,119296,998336,4928,960,392832,55680,1280,1856,230400,79360,768,997248
1347,1117632,306112,180416,4288,1664,1152,336384,85504,202112,182720,934912,4864,960,331136,56576,1344,1792,167680,79680,576,933760
1348,1678016,307968,184896,4352,1600,416448,343744,86144,332864,312640,1365376,4736,960,338304,55936,1280,1984,176576,78784,704,948928
1349,1117376,305728,180032,4160,91392,1024,331072,86720,117248,97728,1019648,4736,1088,325696,57152,1152,2048,165120,77120,576,1018624
1350,1117568,306880,180992,4288,1536,1024,332672,85696,204480,184832,932736,4800,1088,327168,57984,1216,2048,165184,78528,576,931712
1351,1117824,306880,181568,4160,1664,1024,465216,86784,70528,50880,1066944,4736,1088,459648,59008,1280,1984,297984,78656,704,1065920
1352,1117440,306688,182720,4288,1664,1088,468480,86720,65792,46400,1071040,4736,1088,462912,59520,1280,1856,297856,81472,576,1069952
1353,1118080,307648,183808,4288,1728,1088,338752,85696,195072,175360,942720,4800,1088,333184,58880,1472,1984,170624,78208,576,941632
1354,1117440,305856,181184,4352,1600,1088,336128,87040,200192,180544,936896,4608,1088,330752,58496,1408,1792,164992,83328,768,935808
1355,1117504,305664,181824,4224,1600,1088,339136,85440,198528,179200,938304,4608,1024,333440,63616,1280,2176,170432,79296,768,937216
1356,1117568,306624,181888,4288,1600,1024,344768,85248,192128,172480,945088,4608,1088,339328,65728,1408,1920,174592,81152,832,944064
1357,1117632,305216,180608,4224,1664,1024,345920,86080,192896,173632,944000,4672,896,340544,65792,1216,1920,178816,78336,704,942976
1358,1678400,305664,180032,4224,1664,960,539520,86528,559808,539968,1138432,4608,1024,534080,67584,1344,1920,370624,79936,576,1137472
1359,1117440,309888,182592,4288,1536,1088,404160,85824,128064,108416,1009024,4608,1024,398656,57088,1280,1984,235072,80576,512,1007936
1360,1117696,303232,180544,4288,1600,1088,316672,86016,224256,204608,913088,4608,1024,311168,47296,1280,1856,153728,74176,704,912000
1361,1117568,306240,180672,4288,1664,1088,320960,85568,217088,197824,919744,4224,1088,315648,47488,1344,2048,154560,77568,704,918656
1362,1678208,306432,179520,4288,1664,418560,343744,86912,337088,317248,1360960,4736,1088,338112,55872,1344,1920,168896,85760,768,942400
1363,1117120,305472,181056,4224,1536,1088,361088,84992,177664,158144,958976,4800,1088,355584,65280,1472,1984,187776,83904,576,957888
1364,1117696,303808,181824,4224,1664,1088,473856,85440,65792,46464,1071232,4736,1024,468544,65280,1472,1984,304000,80832,576,1070144
1365,1117760,304448,182208,4288,1600,1088,325824,86016,212288,192512,925248,4608,1024,320384,65664,1344,1856,157824,79424,640,924160
1366,1117696,305216,180160,4288,1664,1088,327936,86272,211072,191360,926336,4864,1024,322432,65728,1280,1856,159168,79872,640,925248
1367,1118080,305216,180352,4224,1472,72320,336256,87936,130304,110080,1008000,4544,1088,330624,66304,1408,1920,167744,79808,576,935680
1368,1117120,306304,182848,4224,1600,1024,345152,85504,190464,171072,946048,4800,1088,339776,66176,1344,1920,176384,80128,576,945024
1369,1117952,305664,186624,4288,92608,1088,365504,86400,75776,55488,1062464,4736,1024,359808,65792,1152,1984,169600,79936,576,1061376
1370,1117440,307136,189952,4288,2752,1152,445312,100480,66368,46848,1070592,4800,1088,440064,65856,1344,1920,167680,174976,640,1069440
1371,1117504,308992,187200,4352,4864,1024,334080,100224,176768,157440,960064,5056,1152,328576,67648,1280,1920,172736,56320,512,959040
1372,1678272,311552,188160,4224,2688,1088,517440,265984,387136,367616,1310656,4800,1024,512000,58176,1152,1984,355008,56064,576,1309568
1373,1117440,306624,193536,4288,2688,1024,389120,168576,51584,32064,1085376,4992,1024,383616,34496,1408,1792,228800,55616,640,1084352
1374,1117696,308672,189824,4224,2816,1088,378432,169408,63232,43648,1074048,4992,960,373376,34496,1408,2048,219008,55296,640,1072960
1375,1117760,306176,190400,4288,4736,1088,373888,168512,68672,49152,1068608,4608,1088,368320,34432,1600,1984,219520,54784,640,1067520
1376,1678272,307328,181376,4224,4928,417408,368512,168768,225728,205248,1473024,4992,1024,363136,34432,1408,1984,220096,56640,768,1055616
1377,1117376,306560,181888,4288,1536,1024,362688,168256,91136,71104,1046272,4864,1088,357184,34880,1408,2048,215872,55680,576,1045248
1378,1117376,310848,181824,4352,1600,1024,367744,155008,94976,75264,1042112,4736,1088,362304,34880,1472,1984,221056,55616,768,1041088
1379,1117120,310976,185792,4288,1536,1088,387456,154112,71872,52672,1064448,4800,1024,381888,34624,1280,1920,220480,56576,512,1063360
1380,1117952,310592,188544,4352,1600,1088,379584,155648,76544,57024,1060928,4928,1024,374144,35456,1280,2048,222208,56064,640,1059840
1381,1118272,310592,190592,4352,1600,1152,376384,154880,78720,58816,1059456,5184,960,370944,34624,1408,1856,218240,55680,640,1058304
1382,1117312,308224,187968,4352,1600,1024,382784,154944,76416,56640,1060672,4736,1088,377088,35328,1472,1984,224128,56064,576,1059648
1383,1117696,309632,190400,4352,1536,1152,380864,155072,74688,55104,1062592,4928,1024,375232,35840,1408,1984,222272,55488,704,1061440
1384,1117504,308672,188992,4288,2752,1024,445696,87744,78336,58432,1059072,4608,1088,440128,35008,1472,2240,288832,55040,704,1058048
1385,1117376,309056,188032,4288,2816,1088,378560,85248,148288,128960,988416,4864,1024,373184,43712,1216,2304,218560,56448,640,987328
1386,1117952,310144,180224,4224,5056,1088,285952,87552,243712,224320,893632,4992,1024,280576,33664,1408,2304,140736,55808,640,892544
1387,1117184,308608,179584,4288,4928,1088,276160,85824,256704,237440,879744,4800,1088,270592,27392,1472,2048,131968,55424,576,878656
1388,1118080,311168,179904,4160,3264,1024,274048,85440,259072,239616,878464,4608,960,268672,28288,1408,2368,130496,54336,640,877440
1389,1118080,305536,179904,4160,1600,960,470848,86720,68352,48448,1069632,4928,1088,465472,28224,1472,2048,325312,56192,576,1068672
1390,1117440,305408,183808,4224,1664,1088,271296,86400,263552,244160,873280,4800,1024,265792,27520,1344,2112,126464,55744,640,872192
1391,1678528,305792,180992,4288,128896,415360,270336,85760,287104,266624,1411904,5056,1152,264704,28992,1408,2048,125184,56320,704,996544
1392,1117312,304704,181184,4352,1600,1088,273536,86080,264768,245248,872064,4800,1024,268096,29888,1280,1984,129216,56320,448,870976
1393,1117312,306496,180928,4160,1600,1088,273792,85184,264064,244800,872512,4928,1088,268352,29568,1408,1984,128640,56128,704,871424
1394,1117760,307200,181120,4224,1664,1088,278528,86336,257600,238336,879424,4672,1088,273152,29696,1152,1920,134016,56064,704,878336
1395,1117376,307264,180608,4224,1600,1088,273472,85632,263488,244224,873152,4800,1088,267840,30080,1216,1920,128832,56192,640,872064
1396,1117632,306240,181312,4288,1536,1024,297408,85952,239872,221056,896576,4736,1152,291904,46080,1344,2048,152832,55936,832,895552
1397,1118400,307264,178752,4352,1664,71168,312704,88896,153600,133888,984512,4864,1024,307264,62720,1280,2048,167616,56320,576,913344
1398,1117440,307776,178240,4224,1664,1024,316480,86656,221376,201984,915456,4864,1088,310912,63168,1344,2240,171392,55744,704,914432
1399,1117568,306368,179520,4288,1600,1088,317632,85888,221184,201920,915648,4992,960,312192,63616,1408,2048,173056,56320,640,914560
1400,1117568,307904,181184,4224,1600,1024,315200,86848,219584,200320,917248,4864,1088,309568,62848,1344,1984,169920,56512,512,916224
1401,1118016,307328,180928,4288,1600,1024,405120,87168,130560,110848,1007168,4992,1024,399424,73600,1408,1984,258496,57280,640,1006144
1402,1117376,307840,179840,4224,1472,1152,320512,86784,215552,196160,921216,5120,1024,314944,69312,1216,2048,175616,56000,512,920064
1403,1117504,308608,180288,4224,1536,960,331968,85696,204224,185152,932352,4736,1152,326464,69184,1344,1856,187584,56000,640,931392
1404,1118080,307520,179712,4352,1664,1152,336448,85312,201920,182656,935424,4992,1024,330688,69184,1408,2112,190848,56192,768,934272
1405,1117440,307264,181824,4352,1600,1088,330688,85056,205568,186112,931328,4800,960,325248,69440,1408,2240,186112,55808,704,930240
1406,1678208,307136,181504,4352,1600,414016,329024,85824,354752,334592,1343616,4800,1024,323520,68416,1472,1920,185088,55680,640,929600
1407,1117120,305024,181248,4224,1600,1088,446016,85888,92032,72640,1044480,4672,1024,440384,69120,1344,1984,302016,55744,576,1043392
1408,1117824,307200,179968,4352,1600,1088,313024,86208,224384,205056,912768,4608,1024,307584,69056,1408,2048,169856,54912,576,911680
1409,1118336,306048,180736,4288,1600,1088,318528,85568,220480,200512,917824,4736,1088,313088,70656,1216,2048,174400,54976,704,916736
1410,1116928,306944,181056,4288,1664,1088,320384,86400,215104,195456,921472,4864,960,315136,68864,1344,2048,176128,55808,512,920384
1411,1117440,311872,180288,4352,1600,1088,320256,85888,212096,193216,924224,4736,1024,314752,70592,1280,1984,176576,55552,768,923136
1412,1117568,305344,179264,4288,91776,1024,325696,85824,124352,105152,1012416,4736,960,320128,69440,1344,1920,180800,55488,704,1011392
1413,1117760,307008,182080,4160,1536,1088,318848,86272,216768,197888,919872,4864,1088,313344,68352,1344,2112,174976,55616,576,918784
1414,1118272,308160,180480,4352,1600,1024,318400,87104,217152,197440,920832,4736,1088,312896,69376,1344,2048,173568,55936,640,919808
1415,1117248,306560,183360,4224,1728,1088,313792,86464,220032,201216,916032,5120,1088,308288,69056,1280,2048,169088,55616,576,914944
1416,1117824,302016,181888,4224,1600,1088,315456,85568,225984,206656,911168,4992,1088,309760,69440,1344,2048,172032,54656,512,910080
1417,1117376,305920,179904,4288,1664,1088,314496,86016,224000,204928,912448,5120,1088,308992,69312,1408,2112,169536,55552,640,911360
1418,1117952,307520,180800,4224,1600,1088,324288,86144,212288,193216,924736,4864,1024,318848,69952,1408,1856,180224,54976,576,923648
1419,1117824,306048,182336,4352,1600,1088,329536,85696,207168,187456,930368,4992,1088,323904,67840,1344,1920,184064,56768,640,929280
1420,1117440,306880,184576,4224,1600,1088,314368,86528,218176,198656,918784,5120,1024,308864,68288,1280,1920,168640,56448,640,917696
1421,1678144,305984,182208,4224,1600,413632,322560,85696,362240,342080,1336064,4800,1088,316928,74688,1344,1920,177984,55744,640,922432
1422,1117440,305024,181824,4224,1600,1088,327936,86272,209472,189696,927744,4864,1024,322496,80896,1472,2048,182400,56192,640,926656
1423,1117312,306304,179968,4224,1536,1024,326336,85952,211968,192704,924608,4928,1088,320704,81792,1344,1920,181952,55424,512,923584
1424,1118016,304384,178880,4224,1600,960,396544,86080,145344,125760,992256,4928,1088,390848,143872,1344,1984,251456,56064,576,991296
1425,1117376,305856,179520,4288,1536,1152,342272,85824,196928,177792,939584,4736,1024,336832,94528,1280,2112,197184,56448,768,938432
1426,1117632,306112,181120,4288,1728,1024,305344,86528,231488,212096,905536,4992,1024,299840,49600,1344,1920,161024,56000,640,904512
1427,1117824,304576,180608,4224,1664,72832,299904,89472,164544,145216,972608,4672,1088,294528,49408,1280,1984,155264,55872,640,899776
1428,1117248,305856,183616,4288,1664,1024,441856,86400,92544,73472,1043776,4800,1024,436544,51392,1472,1856,295872,57664,704,1042752
1429,1117888,305792,179328,4224,1600,1024,296384,86080,243456,224000,893888,4736,1024,290944,44224,1280,2048,151872,56064,704,892864
1430,1117632,306880,180160,4288,1664,1088,308608,86272,228672,209472,908160,4864,960,303168,48192,1408,1920,163456,56192,576,907072
1431,1117632,307648,180352,4288,1664,1088,304832,85504,232256,212992,904640,4928,1024,299584,46592,1408,2176,158720,57216,640,903552
1432,1118080,307648,181120,4352,1664,1088,306880,86080,229248,209664,908416,4736,960,301312,46144,1408,1984,162368,55744,704,907328
1433,1677568,304448,180416,4288,94144,1088,478528,86272,528384,508224,1169344,4992,1088,473024,48640,1408,1856,333376,55744,512,1168256
1434,1117824,307776,181376,4288,1664,1152,481216,87232,53120,33728,1084096,5184,1024,475648,81344,1472,1984,335040,57024,640,1082944
1435,1678016,306816,182592,4352,2816,415808,519232,105280,141120,121408,1556608,4864,832,513792,128896,1408,1920,336704,89216,704,1140800
1436,1116864,305856,181376,4224,2752,1088,331008,105728,184832,165824,951040,4800,1088,325696,53888,1408,2048,159104,79872,640,949952
1437,1118656,305600,181824,4288,2816,960,393216,105920,124032,104192,1014464,4416,960,387712,54592,1216,1920,220480,81024,576,1013504
1438,1117312,305088,182016,4352,2816,1152,264512,105472,251904,232512,884800,4800,960,258944,2048,1408,2432,90240,82496,576,883648
1439,1117888,303936,180800,4288,2752,1088,383616,114048,127360,107712,1010176,4608,1088,378240,1408,1216,2112,204544,86784,576,1009088
1440,1117696,306816,182976,4224,2752,1024,282112,113792,224000,204288,913408,4736,960,276672,1536,1216,2048,105920,83520,512,912384
1441,1117568,309056,181312,4288,2816,1024,313408,113152,192512,173056,944512,4544,1088,307840,40640,1344,1920,141888,78720,640,943488
1442,1117632,309248,183232,4288,2816,1024,280576,115136,221312,201984,915648,4416,1024,274944,896,1216,2112,107264,81024,640,914624
1443,1117568,309248,184256,4352,2816,1088,272512,114560,228736,209664,907904,4864,960,267072,832,1152,1984,102912,77312,640,906816
1444,1117760,305792,183104,4224,2752,1024,272512,113344,235008,215680,902080,4480,960,267072,960,1280,1984,102272,78720,512,901056
1445,1117696,308672,180928,4288,2816,1088,271296,113088,235520,216000,901696,4416,1024,265856,1600,1152,1920,102144,78208,576,900608
1446,1117888,306304,181696,4352,2944,1088,273216,113152,235136,215424,902464,4800,1088,267904,1408,1344,1984,103296,78208,768,901376
1447,1677696,303488,180160,4288,2880,1024,740224,135552,310080,290368,1387328,172928,1088,734528,64576,1216,1984,348032,119936,768,1386304
1448,1677952,305152,181120,4288,2816,1024,588288,134784,460480,440576,1237376,174656,960,582912,65152,1344,2176,235008,78080,512,1236352
1449,2798528,307520,182912,4288,3968,477248,1120064,130688,571840,552000,2246528,317824,1024,1114304,23872,1408,122944,320768,93376,640,1769280
1450,1117056,306688,183104,4352,5248,1088,258816,136384,221376,202176,914880,4288,1088,253120,832,1344,1920,72192,85184,896,913792
1451,1119104,307072,180352,4288,4096,1024,247360,142272,232640,213376,905728,4480,1024,241920,1152,1152,1984,68928,79936,1024,904704
1452,1116416,306944,181184,4288,131328,1088,246976,146816,97792,78016,1038400,4288,1088,241600,1536,1216,1984,69184,81216,832,1037312
1453,1117888,307840,180672,4288,3008,1024,364224,152832,104000,84736,1033152,4416,1152,358656,34496,1280,1792,165888,101248,640,1032128
1454,1117824,305024,181824,4288,2944,1088,321280,151360,150016,130240,987584,4352,960,315840,832,1280,2048,125760,97408,704,986496
1455,1117888,304576,180864,4352,2880,1088,310208,155136,158784,138624,979264,4544,1088,304832,1472,1408,1984,115584,96384,640,978176
1456,1117376,304896,182272,4288,2944,1024,341120,154816,126016,106560,1010816,4288,1152,335744,36928,1280,1984,145984,96320,640,1009792
1457,1678336,305088,182592,4288,2944,72640,447616,155520,507648,487744,1190592,4736,1024,441856,896,1280,2112,110912,236928,704,1117952
1458,1117120,307008,182720,4288,2880,960,287936,150976,180352,160832,956288,4544,1024,282624,1536,1216,1856,102720,84032,704,955328
1459,1117632,304640,182016,4288,2944,1088,324160,150656,147840,128384,989248,4736,960,318464,21440,1152,2048,140672,83904,704,988160
1460,1117632,305664,182464,4288,2880,1152,330368,146368,144448,125056,992576,4928,1024,324928,36160,1280,2112,144192,86272,640,991424
1461,1117888,306496,182272,4224,4992,1088,395520,147136,76160,56448,1061440,4800,1088,389952,1664,1408,1984,217024,78784,576,1060352
1462,1118016,308736,181824,4288,4992,1088,392640,142208,82240,62336,1055680,4864,1088,386944,19200,1472,2048,213824,78720,640,1054592
1463,1677696,301824,183488,4224,4160,412288,533056,135360,103296,83008,1594688,88384,1088,527616,36800,1536,2048,261952,87936,576,1182400
1464,1677568,304256,180416,4160,3008,1024,540032,110720,533952,514176,1163392,200896,1088,534400,36800,1216,1856,150656,94528,640,1162368
1465,1677888,308416,181376,4224,2944,1152,601472,128192,450112,430528,1247360,103552,1088,595840,37312,1152,1984,162816,243968,704,1246208
1466,1117568,310656,180736,4224,4992,1088,320896,139648,155328,135680,981888,4928,960,315456,39488,1344,1984,163136,57344,704,980800
1467,1117632,308160,182528,4224,5248,1088,299904,135488,180992,161216,956416,4800,1024,294336,40832,1280,1984,143168,57088,576,955328
1468,1117504,307712,182336,4288,4992,1088,276800,140992,199296,180288,937216,5056,1088,271296,960,1344,2048,122048,56640,768,936128
1469,1117888,308352,181376,4224,5056,1024,263808,134784,219264,199616,918272,4928,1024,258304,896,1536,1984,106432,58112,640,917248
1470,1117824,306112,181760,4288,5696,1088,280064,139136,199680,180096,937728,4800,1024,274368,960,1344,1984,125056,57344,640,936640
1471,1677632,304064,183808,4224,5120,1024,608640,134528,436224,416896,1260736,81280,1024,603328,1344,1408,1920,362432,69760,704,1259712
1472,1677632,301952,184000,4352,133568,1024,455744,132736,464256,444800,1232832,175552,960,450368,1472,1216,1920,110720,76736,640,1231808
1473,1678080,307968,181888,4352,5056,1088,532608,129280,515840,496192,1181888,90240,1024,526976,66816,1536,1984,274624,74560,704,1180800
1474,1117696,302528,182592,4288,4160,960,430144,124544,68480,48896,1068800,81920,960,424768,66752,1280,2048,183040,73152,576,1067840
1475,1117568,306560,183040,4224,2880,1088,336832,123520,159424,140096,977472,4672,1088,331392,67136,1344,2048,171904,70720,640,976384
1476,1677760,307392,182848,4288,3008,415424,429248,116992,218560,198784,1478976,82048,1024,423616,67008,1344,2048,182784,73728,704,1063552
1477,1677760,307200,181696,4416,4096,1088,493120,125312,560832,541568,1136192,6080,1024,487616,67200,1344,1920,193984,204672,640,1135104
1478,1117504,306496,182400,4224,5248,1088,326080,114944,177024,157952,959552,4800,1088,320576,67712,1280,1984,172864,57216,704,958464
1479,1118016,307264,180160,4224,3136,960,347264,121344,153664,134080,983936,6400,1024,341888,68160,1536,2048,191296,60480,704,982976
1480,1117056,306048,181568,4224,4224,1024,427904,108224,83840,64768,1052288,5824,1152,422336,87168,1344,1984,269120,61440,704,1051264
1481,1118016,308480,183488,4352,3200,1088,296064,113536,207808,188096,929920,4864,1024,290496,36544,1408,1792,144576,57856,576,928832
1482,1117504,311616,182080,4224,3008,1088,273600,115008,226880,207552,909952,6336,960,268160,960,1472,1984,116864,60800,640,908864
1483,1117440,307584,181376,4288,3072,1024,278208,120768,221120,202112,915328,6208,1088,272640,896,1152,1920,121664,61184,640,914304
1484,1117824,310528,184128,4224,5248,1024,256448,121792,234432,215232,902592,4928,1024,251136,1024,1344,1920,103296,58624,640,901568
1485,1117824,310016,184192,4160,5120,1088,280448,121792,211008,191616,926208,6528,1088,275072,960,1344,2112,120896,61312,704,925120
1486,1117952,304640,182656,4288,4288,1088,270080,121216,229696,209984,907968,6080,960,264640,960,1280,1984,112000,61056,640,906880
1487,1117952,308352,181952,4288,5376,71680,265024,122816,158464,138112,979840,5248,960,259712,832,1344,2112,110848,57472,768,908160
1488,1117120,308800,181184,4288,5248,1088,278208,121728,216576,197440,919680,6208,1024,272704,896,1280,2112,121344,59968,576,918592
1489,1117760,305536,182400,4224,4032,1088,367744,121984,130752,110976,1006784,6144,1024,362432,3584,1344,2048,208576,61056,704,1005696
1490,1117632,310592,186368,4288,5184,1088,356416,122304,131392,111872,1005760,4992,960,350976,57472,1344,2176,181952,57984,640,1004672
1491,2238400,311296,187840,4416,3072,415744,650368,136832,528832,508800,1729600,83968,1024,644864,41856,1280,1984,368512,89920,640,1313856
1492,1677056,304000,188224,4224,132736,1024,393024,137536,516288,496832,1180224,83328,896,387520,960,1344,1984,119232,84032,704,1179200
1493,1678208,306816,187328,4288,5824,1024,487808,129920,555200,535424,1142784,102784,1088,482240,1600,1408,1920,195968,81600,640,1141760
1494,1117440,310912,187648,4416,6464,1088,322688,132224,152000,132480,984960,4736,1088,317056,21376,1472,2112,131264,81152,704,983872
1495,1678272,307200,189184,4288,5760,71488,676288,139008,285056,264896,1413376,255296,896,670784,832,1280,126656,108032,82048,832,1341888
1496,1117568,308032,187072,4416,2816,1152,212352,142912,258816,239616,877952,5120,960,206912,832,1088,1856,8320,68800,704,876800
1497,1117760,308992,180800,4352,2816,1088,175424,136064,308224,288640,829120,5248,1088,169856,768,1088,1728,7360,67520,704,828032
1498,1117696,305472,181504,4288,2688,1024,285760,140352,196608,176960,940736,5120,1024,280128,1600,1280,1984,100736,87936,576,939712
1499,1117504,306112,183552,4288,2688,1088,312384,131264,176128,156352,961152,4928,1088,306944,23552,1280,1856,131648,83008,512,960064
1500,2238208,309952,182016,4352,2944,71488,1088000,138496,440960,420864,1817344,253504,1024,1082368,768,1280,458624,198848,85120,640,1745856
1501,1117376,309120,189632,4352,3136,1024,199232,134848,276032,256384,860992,4928,1024,193792,1152,1216,1920,8832,64704,704,859968
1502,1117696,306944,189056,4288,5312,1088,182144,131264,297600,277760,839936,4992,1024,176768,2176,1216,1792,9216,63808,576,838848
1503,1678400,307968,186304,4352,5632,416000,269440,137536,351168,331072,1347328,4864,960,263936,58688,1088,1792,67200,62848,768,931328
1504,1117440,306880,184256,4352,3200,1088,180544,126528,310592,290880,826560,4992,1088,174976,768,1216,1856,7936,63552,640,825472
1505,1117632,308736,189440,4224,3008,1088,297408,130240,183488,163968,953664,4736,1152,291712,2048,1152,1920,112640,76800,576,952576
1506,1117632,303104,188800,4288,3008,1088,320896,120640,175808,156096,961536,4352,960,315712,36736,1408,1792,141632,72384,768,960448
1507,1117632,305280,188224,4352,3008,1088,304576,127936,183168,163776,953856,4416,1088,299072,21824,1280,2112,133248,70208,768,952768
1508,1117760,306176,182720,4352,3008,1152,272128,124288,223936,204352,913408,4480,1024,266752,960,1408,1792,108288,69952,704,912256
1509,1117696,309952,181824,4288,2944,1088,260608,118016,238976,219776,897920,4288,1024,255232,896,1344,2112,101952,64256,704,896832
1510,1117440,182016,181888,4352,131648,1024,274752,126464,215296,195776,921664,4352,1024,269312,1792,1280,2176,118016,63232,704,920640
1511,1117632,181120,182208,4352,3136,1152,261952,122816,360896,341824,775808,4352,1024,256512,1856,1088,2176,104704,63104,768,774656
1512,1117952,180480,180480,4288,3072,1088,337728,112832,297984,278720,839232,4352,1088,332096,69312,1408,2048,180992,63488,704,838144
1513,1117632,176768,181888,4288,3072,1152,333440,111936,305088,285184,832448,4736,960,328064,70144,1408,1856,177280,63680,704,831296
1514,1117184,181248,183104,4288,3072,1088,332672,110976,300736,281856,835328,4608,1024,327296,70784,1280,1984,176832,63936,704,834240
1515,1117824,180608,183360,4288,3136,960,336000,117120,292352,272768,845056,4224,1024,330560,65408,1472,1792,180800,63552,768,844096
1516,1117504,180608,183424,4352,3008,1024,325440,115456,304192,284800,832704,4544,960,320064,60992,1408,2112,165248,67392,512,831680
1517,1118144,180800,182592,4416,3008,71360,320384,117824,237760,217728,900416,4544,1024,314688,60544,1408,1984,163840,63872,704,829056
1518,1677568,179520,181568,4352,3200,417088,394880,115840,381120,361024,1316544,4480,1088,389376,60928,1472,1920,230208,72128,768,899456
1519,1117568,177856,182208,4224,5120,1088,334272,121152,291648,271872,845696,4416,1024,328960,60608,1344,2048,170176,71488,832,844608
1520,1117696,179456,183552,4224,5184,1024,322880,121280,300096,280704,836992,4416,1024,317504,60608,1280,1920,163456,66816,704,835968
1521,1117376,181632,183296,4224,4288,1024,327232,119424,296256,277056,840320,4480,1024,321600,60416,1280,1984,166848,67328,768,839296
1522,1117760,178496,183360,4288,3072,1088,341504,119808,286144,266688,851072,4736,896,336064,59776,1408,1792,181312,67328,768,849984
1523,1117632,180416,181568,4288,2944,1024,331904,124864,290624,270912,846720,4608,960,326336,60672,1280,2112,170560,68224,704,845696
1524,1117696,180032,183680,4352,3008,1088,453440,131840,160256,140992,976704,4672,1024,447936,61632,1216,1920,166656,192832,768,975616
1525,1117632,180224,182208,4288,5824,1024,322368,130624,291072,271040,846592,4416,960,316992,62976,1216,2048,172672,54976,640,845568
1526,1117824,182016,182464,4352,6080,960,334272,130816,276864,256832,860992,4608,1024,328576,62976,1152,1984,183744,54464,640,860032
1527,1117440,180032,182720,4352,4096,1088,330880,131968,282304,263040,854400,4672,1024,325248,62784,1280,1920,180352,55232,640,853312
1528,1117952,179712,184128,4288,4864,1024,377664,132160,234112,214720,903232,4736,1088,372032,63424,1216,2112,225792,56064,704,902208
1529,1117440,179712,181760,4352,5632,1088,314944,131136,298816,279168,838272,4672,1088,309312,63680,1344,2112,164224,55040,640,837184
1530,1117568,178112,180736,4288,4864,960,397696,131904,219008,199424,918144,4608,960,392192,71936,1216,2112,247424,54976,704,917184
1531,1117696,180608,182016,4288,3456,1152,326720,129344,290112,270784,846912,4608,1024,321152,75008,1344,2048,176128,54976,576,845760
1532,1117632,179712,184704,4416,129664,1088,327296,119744,171008,151424,966208,4736,960,321728,73536,1152,1920,176192,55616,576,965120
1533,1678016,179712,182592,4224,1600,416448,327616,119680,446144,426240,1251776,4672,1024,322048,73088,1152,2112,179712,54976,640,835328
1534,1117120,179008,181120,4224,1600,1088,308672,121600,319808,300864,816256,4608,1024,303168,71488,1216,2048,160448,55040,768,815168
1535,1118080,179776,181376,4416,1664,1024,291520,114432,343872,324352,793728,4800,1088,286144,71552,1216,1920,144448,54400,704,792704
1536,1117632,179520,182784,4288,1728,1152,292032,115840,340288,320640,796992,4608,1024,286592,70976,1280,1984,143808,54976,640,795840
1537,1118016,177920,180992,4288,1600,1024,287616,112320,352256,332224,785792,4736,960,282240,70976,1472,1920,140096,54848,768,784768
1538,1117184,182464,182464,4352,1664,1088,284672,112576,347904,328768,788416,4608,960,279232,70848,1216,1856,137984,54848,576,787328
1539,1117568,180480,181568,4224,1600,1024,287680,112384,348608,329216,788352,4800,1024,282112,70656,1216,2048,140736,54848,512,787328
1540,1117696,179456,182400,4224,1600,1088,287680,109376,351872,332608,785088,4544,1088,281984,71808,1280,1920,140864,54528,704,784000
1541,1117824,178752,182976,4288,1664,1088,287296,108160,353600,334464,783360,4544,1024,281728,71424,1152,2112,141952,54592,640,782272
1542,1117312,180480,183040,4160,1536,1024,286336,104320,356416,337280,780032,4800,1024,280704,71808,1408,1920,139136,55040,576,779008
1543,1118016,178688,182912,4416,1600,1024,287616,103680,358080,338624,779392,4736,1088,282048,71808,1408,2048,141952,54528,576,778368
1544,1117568,179456,180992,4288,1600,1088,288000,102848,359296,340032,777536,4416,1024,282432,70784,1344,2112,141056,55232,704,776448
1545,1117376,180288,181568,4224,1472,1088,290176,104256,354304,335424,781952,4864,1024,284544,73216,1280,1984,143424,54912,576,780864
1546,1117888,180928,182912,4352,1600,1152,286016,98560,362368,343168,774720,4544,1024,280640,71104,1216,1984,140224,54592,640,773568
1547,1118080,180032,182080,4352,1600,72384,288384,100160,289088,269248,848832,4672,1088,282944,70976,1152,1984,143424,54400,704,776448
1548,1677632,181632,182656,4224,1664,417920,288768,99072,501696,482048,1195584,4672,1024,283200,71680,1280,1856,143872,54976,512,777664
1549,1117760,180160,182336,4352,1600,1024,291840,99392,357056,337984,779776,4864,960,286272,72576,1344,1856,146304,54720,640,778752
1550,1117376,180160,181568,4288,1600,1088,285376,89088,374208,355136,762240,4416,1088,279744,70912,1280,2048,140672,54336,704,761152
1551,1117760,179648,181568,4288,1664,1024,280896,89536,379136,359808,757952,4608,1024,275264,71168,1280,2176,137088,54848,704,756928
1552,1117568,181312,180800,4224,1664,1024,392256,89024,267264,247808,869760,4544,960,386880,72448,1216,2112,235136,69312,704,868736
1553,1117888,179968,181056,4224,90176,1024,349184,89088,223168,203264,914624,4608,1088,343680,74816,1344,1920,172032,88320,768,913600
1554,1118016,181696,184064,4224,1600,1088,349952,88832,306560,287232,830784,4416,1152,344256,74304,1280,2112,178368,82880,768,829696
1555,1117568,178944,179264,4160,1600,1088,353408,89152,309952,290432,827136,5056,1088,347776,74368,1408,1984,180352,83776,704,826048
1556,1117504,181248,184256,4288,1600,1024,353408,89280,302400,282880,834624,4608,1024,347968,74368,1344,2112,181120,83712,640,833600
1557,1118400,180608,182272,4288,1536,1024,348992,88384,311296,291008,827392,4608,1024,343424,68736,1408,2048,175808,84160,704,826368
1558,1116992,179840,181504,4224,1600,1088,343104,89024,316608,297344,819648,4608,1088,337472,69568,1280,1984,174272,80192,704,818560
1559,1118080,181760,180672,4288,1600,1024,365568,88768,294400,274752,843328,4544,1088,360128,68864,1216,2048,199296,78016,576,842304
1560,1117376,180032,180736,4288,1728,1088,335488,88960,325056,305600,811776,4608,1024,329920,68672,1536,1984,168640,78080,704,810688
1561,1117952,180224,180224,4352,1600,1088,338048,89472,322944,303360,814592,4544,1024,332416,68224,1472,1984,171072,78464,704,813504
1562,1117632,183040,181120,4224,1664,1024,338944,89088,318528,299136,818496,4608,1152,333312,68160,1216,2176,172160,78400,576,817472
1563,1678272,182784,181440,4352,1600,414080,342272,89536,462208,441856,1236416,4480,1088,336768,68544,1472,1984,175552,77696,704,822336
1564,1116928,178304,181184,4352,1536,1024,343040,88896,318592,299264,817664,4544,1152,337472,69504,1408,1856,177280,77568,576,816640
1565,1117824,181056,180736,4352,1536,1024,345600,89600,313920,294080,823744,4864,1088,339904,68928,1280,1920,180288,76736,704,822720
1566,1117824,179840,182208,4352,1664,1216,347648,88256,312640,293056,824768,4672,1024,342272,69440,1408,1984,181760,77440,512,823552
1567,1117632,182272,182016,4224,1600,1088,415424,88576,242432,223104,894528,4672,1024,409920,71744,1280,1984,248896,78080,704,893440
1568,1117760,181248,181632,4352,1664,1088,416128,89024,242624,223104,894656,4544,960,410624,71872,1472,2112,249536,78208,640,893568
1569,1117312,180480,181888,4224,1536,1088,349568,88640,309888,290496,826816,4672,1024,344320,70528,1280,2048,183680,77632,640,825728
1570,1118208,180096,180352,4288,1664,1024,356608,89216,304960,285376,832832,4608,1088,351040,71872,1344,2176,190592,77760,576,831808
1571,1117184,180416,182976,4224,1664,1024,353216,88832,304832,285248,831936,4672,1024,347712,70272,1344,1920,186880,77696,576,830912
1572,1117632,180736,181696,4224,1728,1024,344512,89152,314560,295488,822144,4544,1024,339008,60416,1280,2112,178368,78272,576,821120
1573,1117824,179648,181120,4288,1600,1088,474944,88960,186176,166784,951040,4672,1088,469440,62144,1344,1792,308544,77504,704,949952
1574,1117504,180032,182080,4224,1536,960,329344,88256,331072,311936,805568,4352,1024,324096,60928,1216,1984,164480,76800,640,804608
1575,1117888,179648,181376,4224,91328,1088,327552,88512,244160,224448,893440,4096,1088,321920,59072,1472,2048,161728,76608,704,892352
1576,1117504,181312,180928,4288,1664,1024,327424,89984,330880,312064,805440,4800,960,321920,59136,1408,2048,162240,76608,576,804416
1577,1117568,178880,179264,4160,1600,71104,330304,90304,261952,242624,874944,4480,1024,324992,59648,1472,1984,166016,76736,640,803840
1578,1678208,180928,181184,4224,1664,413888,335040,89856,471424,451584,1226624,4480,1024,329728,60736,1280,1984,170368,76736,576,812736
1579,1117120,309248,182592,4224,1600,1024,335808,87296,195328,176384,940736,4928,1024,330240,60032,1344,2112,169472,76736,576,939712
1580,1117760,304768,179264,4160,1664,1088,331904,87680,207232,187776,929984,4736,1024,326272,57536,1152,2112,166080,76928,640,928896
1581,1117568,308032,180416,4224,1600,1024,341440,86976,193856,174784,942784,4608,1088,335744,54336,1408,1856,176128,76736,640,941760
1582,1118016,308416,180800,4160,1600,1088,315136,88448,218368,199232,918784,4736,1024,309632,53760,1216,1984,149760,76800,640,917696
1583,1117440,306944,181120,4224,1728,1088,324288,87296,210752,191616,925824,4608,1024,318912,55744,1408,2048,158336,77632,640,924736
1584,1117952,305984,181568,4160,1664,1088,328000,88640,206848,187200,930752,4608,1024,322688,55104,1152,2112,161984,77632,704,929664
1585,1117568,308544,180992,4224,1536,1024,331200,87232,202816,183424,934144,4672,1024,325632,59904,1408,2048,166464,77184,512,933120
1586,1117632,306560,180736,4224,1600,1024,337728,88384,197376,178112,939520,4864,1024,332352,66240,1216,1920,171328,77632,640,938496
1587,1117632,307136,181056,4160,1536,1088,340800,87040,194816,175680,941952,4544,1024,335360,66176,1280,1920,173696,78272,576,940864
1588,1117568,305792,180288,4160,1600,1088,341504,87488,195648,176192,941376,4544,1024,336128,67264,1216,1920,176192,77120,768,940288
1589,1118144,304512,180480,4160,1664,1088,337536,88704,200000,180416,937728,4736,1024,332288,67136,1152,1984,172160,77376,576,936640
1590,1117248,306112,179264,4224,1664,1088,339840,88896,196160,176960,940288,4864,960,334592,67072,1280,2048,172992,77760,640,939200
1591,1118080,307136,179456,4224,1600,1088,389440,88000,147136,127744,990336,4608,1088,384128,60224,1216,2176,222976,77696,768,989248
1592,1117760,307456,178688,4416,1600,1152,330688,88128,205632,186432,931328,4544,960,325120,60736,1152,1920,163968,78272,704,930176
1593,1677440,310144,179328,4160,1536,412288,326592,88000,355392,335872,1341568,4608,1024,321280,60480,1344,2048,161408,76672,576,929280
1594,1117952,307264,182784,4224,1600,1152,329408,87104,204416,184768,933184,4544,960,323968,60160,1280,2048,162624,78656,576,932032
1595,1117440,305792,181824,4224,1600,960,337024,88128,197888,178432,939008,4736,1024,331584,62656,1216,2048,169152,79104,704,938048
1596,1117504,308224,181120,4288,91968,1088,346752,87616,96448,77312,1040192,4544,1088,340992,61120,1408,2176,179520,78016,576,1039104
1597,1117888,309824,179776,4352,1536,1024,320704,88384,212288,193024,924864,4480,1024,315328,58880,1280,1984,154752,77504,640,923840
1598,1117568,306688,180288,4352,1664,1088,331584,87424,204480,185088,932480,4544,960,326080,61312,1280,1920,164608,78144,768,931392
1599,1117696,304896,180992,4288,1664,1088,335104,86656,203008,183936,933760,4544,896,329856,60672,1216,2176,169088,78016,576,932672
1600,1117568,306112,181120,4352,1600,1088,332864,87744,202688,183232,934336,4608,960,327296,60480,1344,2048,166592,77632,768,933248
1601,1117888,309632,181312,4352,1664,1088,334400,87616,197824,178176,939712,4864,1088,328896,60800,1280,2112,167488,78080,704,938624
1602,1117568,307648,180288,4288,1600,1024,334272,87744,200704,181632,935936,4992,960,328768,61056,1280,2112,167040,78592,704,934912
1603,1118208,308608,179968,4352,1600,1088,332416,89024,201152,181184,937024,4608,1024,326976,60352,1280,1856,166848,77952,704,935936
1604,1117184,304192,181248,4352,1536,1088,335680,87872,201216,181568,935616,4800,1024,330368,60608,1280,2112,169536,78080,640,934528
1605,1117824,306880,181184,4352,1664,1088,422336,86784,113536,94208,1023616,4672,1024,416832,65536,1280,2112,254336,79040,512,1022528
1606,1118016,307712,181760,4352,1600,1024,342592,88256,190720,171008,947008,4736,1024,337216,66944,1472,2048,175808,78144,576,945984
1607,1118016,305728,180800,4352,1600,72576,352384,90240,110336,90048,1027968,4672,1024,346688,67776,1408,1984,185408,77696,704,955392
1608,1677632,308544,181504,4288,1536,411840,352640,88768,328512,308224,1369408,4800,1024,347008,67456,1280,1984,185152,77504,640,957568
1609,1117376,305088,179392,4352,1600,1088,353088,87168,185600,166080,951296,4608,1024,347584,66624,1472,1984,186496,77952,640,950208
1610,1117376,306496,181504,4288,1600,1088,370432,88128,163840,144832,972544,4800,896,365184,68032,1280,2048,204736,77568,704,971456
1611,1117952,308096,180288,4288,1600,1088,462016,87872,72704,52928,1065024,4800,1024,456448,66496,1472,1920,295616,77312,704,1063936
1612,1677952,305088,182528,4352,2112,1088,543488,173824,465472,446016,1231936,4736,1024,537728,66496,1472,1920,164864,289408,640,1230848
1613,1117632,305280,184448,4352,2816,1088,333248,181568,104832,85568,1032064,5120,1024,327616,66496,1344,1792,162176,56704,640,1030976
1614,1117824,305472,180608,4224,2816,1088,333824,181184,108608,89152,1028672,5120,1024,328512,66752,1472,2112,168128,55744,704,1027584
1615,1117696,304128,182336,4288,2688,1024,337920,181440,103872,84288,1033408,5184,1024,332288,67008,1472,2048,171904,55488,704,1032384
1616,1677888,305920,181760,4288,3904,1024,475904,179904,525184,505856,1172032,4864,1024,470144,67584,1408,2112,309632,56000,704,1171008
1617,1678080,305216,182848,4288,133056,1216,335680,182848,532928,513152,1164928,5248,1024,330176,66816,1408,1920,168640,56128,704,1163712
1618,1117440,306304,181056,4288,3264,1024,343552,108352,169600,150080,967360,4992,1024,338176,66240,1408,1920,175744,55296,640,966336
1619,1117312,306688,181184,4288,1600,1024,332096,107328,183104,163712,953600,4864,1024,326656,66048,1152,1920,178304,55808,640,952576
1620,1118080,309312,181760,4224,1600,1088,333248,106880,179968,160384,957696,4608,1088,327872,66112,1344,2112,179840,55808,640,956608
1621,1678144,307904,180416,4288,1600,409280,332928,107264,334464,314304,1363840,4992,1088,327552,66560,1344,1920,180224,55168,512,954560
1622,1117312,308928,182336,4352,1536,1088,457728,108416,52928,33024,1084288,4352,1088,452224,67968,1344,1728,306112,55104,640,1083200
1623,1117440,308672,182208,4352,1664,1024,327232,107392,184896,165824,951616,4928,1088,321600,68864,1280,2112,174976,55552,640,950592
1624,1118080,305600,183488,4288,1664,1024,321472,107904,192640,172864,945216,4864,1024,315904,67776,1280,2112,168512,55936,640,944192
1625,2237888,304192,181120,4288,2304,1024,1131904,115072,497984,478912,1758976,4800,1024,1126272,71808,1280,2048,965056,68672,576,1757952
1626,1117888,309056,184000,4288,2816,1088,336128,116544,163968,144512,973376,4672,1024,330560,68672,1216,2048,181888,55168,768,972288
1627,1117504,307776,181248,4288,2816,1088,341504,100160,178624,159424,958080,4672,960,335936,67648,1344,1984,186112,55296,512,956992
1628,1117568,304832,183296,4352,2816,1088,391360,102080,127744,108672,1008896,4608,1024,385856,70016,1216,2176,244864,55552,704,1007808
1629,1117568,307072,181952,4288,2752,1024,403840,100992,115648,96320,1021248,4544,1088,398400,68800,1408,1920,256768,55872,704,1020224
1630,1118144,303872,180672,4288,2816,1088,336384,100544,188480,168960,949184,4160,960,330944,68736,1472,2048,186624,58688,704,948096
1631,1117760,308352,183040,4352,2816,1088,322560,100736,194816,175232,942528,4672,1088,316992,50624,1408,1920,168704,63040,640,941440
1632,1117376,305408,181440,4288,2816,1024,303296,101376,217728,198528,918848,4352,960,297856,34240,1344,2048,149504,63232,512,917824
1633,1117632,308032,179392,4288,2752,1088,304384,87040,230656,211584,906048,4288,1024,298880,33984,1280,1984,151104,62080,704,904960
1634,1117568,306432,180224,4352,2816,1088,436480,86656,99520,80512,1037056,4544,1088,430848,34176,1344,2112,286528,61120,704,1035968
1635,1678144,307584,181120,4352,2688,406400,290496,86592,398912,379520,1298624,5120,1024,284864,34688,1408,2048,137792,63232,576,892224
1636,1117568,310592,181376,4352,2880,1088,289344,87040,240896,221504,896064,4928,1088,283648,34112,1408,1920,138880,61376,640,894976
1637,1117696,305024,181824,4224,131904,71296,295808,89344,38272,18176,1099520,4672,1024,290304,33920,1280,1920,145408,61888,768,1028224
1638,1117184,307584,179072,4352,2880,1088,264896,87040,270272,251328,865856,4672,1024,259328,16576,1280,2112,122304,54848,768,864768
1639,1117952,310336,180800,4352,2880,1152,248192,86912,283328,264064,853888,4672,1024,242816,896,1344,1984,105088,54976,768,852736
1640,1117824,306304,180160,4288,4864,1088,249088,87104,284928,265344,852480,4736,1024,243456,960,1408,2112,103808,56384,576,851392
1641,1117504,306496,179328,4288,4864,1088,247616,86592,287232,267968,849536,4928,1152,242048,1152,1216,1984,104256,55104,640,848448
1642,1117568,309504,181824,4224,3392,1088,252992,87552,276992,258112,859456,5184,1088,247488,2112,1408,2048,107456,56192,640,858368
1643,1117888,306240,180288,4288,1600,1088,468544,87424,68416,49152,1068736,4544,1152,463232,18048,1344,1984,324544,55680,640,1067648
1644,1117376,306432,179456,4160,1600,1088,349824,87424,187392,168320,949056,4608,1024,344320,960,1280,1984,192384,68608,640,947968
1645,1117824,310336,181376,4160,1664,1088,265536,87104,266560,247488,870336,4672,960,260032,832,1280,1984,99520,78272,576,869248
1646,1117760,306432,181504,4224,1600,1024,267136,86720,269120,250112,867648,4544,1088,261504,1024,1280,1984,100032,78080,704,866624
1647,1117952,308096,178624,4416,1728,1088,320960,87360,215680,196544,921408,4736,1088,315520,1280,1344,1984,154304,78528,576,920320
1648,1117440,306240,180096,4288,1536,1088,327360,86848,209984,190656,926784,4608,960,321920,2304,1216,1920,160640,77888,512,925696
1649,1677760,307008,181632,4352,2240,1024,513664,99648,568192,549312,1128448,4800,960,508160,35392,1408,2176,333952,91136,832,1127424
1650,1678592,307008,181376,4288,2688,406400,320192,107904,348736,328448,1350144,4480,1024,314944,36672,1280,1920,135360,91264,704,943744
1651,1117056,305152,182208,4160,2816,1088,359872,106688,155072,135872,981184,4480,1088,354368,76224,1344,1920,178048,90624,704,980096
1652,1117568,306240,189248,4288,2816,1024,344320,107200,162432,143424,974144,4352,1024,338560,38912,1344,2112,136960,88576,704,973120
1653,1118400,307264,188800,4288,2816,1088,385216,107136,121792,102016,1016384,4416,1088,379904,1408,1280,2048,187904,93376,512,1015296
1654,1117632,307904,187328,4288,2688,1024,299008,106944,208448,188928,928704,4416,1024,293504,1408,1344,1984,103680,90496,640,927680
1655,1677696,304832,186496,4224,2816,1088,952832,107712,117696,98304,1579392,4608,1152,947136,42240,1344,2048,757312,88768,512,1578304
1656,1678144,300736,187648,4416,2880,1088,909888,111104,160384,140800,1537344,369792,960,904320,81984,1152,1984,303296,135744,704,1536256
1657,1677952,304064,188160,4224,132032,1088,821568,107840,118976,99328,1578624,355456,1024,815808,119296,1344,2176,229632,134592,768,1577536
1658,1677824,302144,187968,4352,2816,1088,542464,106496,530496,511104,1166720,83776,1024,536768,119232,1216,2048,226816,135744,640,1165632
1659,1677760,305280,183744,4352,3008,1088,699456,112832,368000,348480,1329280,9664,1024,694080,119104,1344,1920,293632,309248,768,1328192
1660,1117696,310016,180864,4352,6208,1088,333632,120704,160832,141248,976448,4800,1088,328000,59008,1472,2048,161984,75072,704,975360
1661,1117952,310080,182400,4224,6080,1024,307904,118848,187392,167936,950016,4672,1024,302336,43136,1152,1984,141120,73536,704,948992
1662,1677952,305856,184960,4416,4864,407552,328000,119296,323008,302912,1375040,4608,1024,322624,39808,1344,2112,138688,75136,512,967488
1663,1117440,308224,189248,4288,2752,960,327808,118528,165632,146624,970816,4864,1088,322176,46720,1344,1920,147136,74368,640,969856
1664,1117632,307136,187328,4288,3776,1024,327424,106624,180032,160960,956672,4736,960,321856,46336,1280,2048,145984,73664,704,955648
1665,1118016,306688,186496,4224,4864,1088,329984,108160,176512,157248,960768,4672,960,324480,47040,1408,1984,150656,74048,640,959680
1666,1117440,305792,189312,4288,3392,1152,417472,107392,88640,69504,1047936,4864,1024,412096,46336,1152,2048,236160,75136,704,1046784
1667,1117632,307328,186176,4224,1600,71616,331776,109760,105152,85952,1031680,4736,1024,326336,46912,1344,2176,151872,75456,704,960064
1668,1117760,306880,188352,4352,1536,1152,336320,108224,170944,151808,965952,4672,1024,330752,47488,1472,2048,151424,78272,640,964800
1669,1117504,307840,181632,4288,1600,1024,312896,107328,200896,181888,935616,4736,1024,307392,43392,1152,2112,146048,75648,512,934592
1670,1117952,304576,180416,4288,1728,1152,348800,106368,170624,151232,966720,4800,1024,343296,2368,1408,2048,182144,75200,704,965568
1671,1677888,302784,181440,4352,2176,1088,544064,111936,530048,510592,1167296,4736,1088,538432,50048,1472,1984,357248,95232,704,1166208
1672,1117952,302656,182592,4224,2816,1152,274432,119296,230784,211200,906752,4544,1088,268736,896,1344,1920,95808,82752,704,905600
1673,1117504,307264,183744,4288,2816,1088,409024,118592,90688,71296,1046208,4608,1024,403584,1152,1472,1984,228096,87232,640,1045120
1674,1117888,305472,181312,4288,2688,1024,269760,107328,246016,226624,891264,4672,1088,264320,1472,1280,1984,95936,79296,704,890240
1675,1117312,306368,183296,4352,2880,1088,316288,107840,195200,176000,941312,4544,960,310784,40896,1536,1984,141568,82368,576,940224
1676,1678272,310208,183744,4416,2816,408384,540672,113600,114432,94464,1583808,76480,1024,535040,41600,1152,1856,142400,234624,704,1175424
1677,1117696,304640,182656,4352,133312,1152,303808,119040,68736,48768,1068928,4608,1088,298112,45120,1280,1920,136192,71168,576,1067776
1678,1117120,305664,180864,4288,5056,1088,303360,119296,197504,178112,939008,4416,1024,297920,45696,1152,1984,136768,73344,768,937920
1679,1117568,306048,181696,4288,2944,1088,417408,119168,84928,65920,1051648,4736,1152,411840,45696,1344,2112,252480,70656,640,1050560
1680,1117760,302208,182528,4352,2880,1088,449344,119104,56256,36608,1081152,83200,1088,443904,45696,1344,1856,193472,82432,704,1080064
1681,1678016,303552,182016,4288,2816,1088,505408,118656,560192,540992,1137024,93248,1088,500032,116736,1344,2048,226816,95936,704,1135936
1682,1117632,305408,182528,4288,2816,1152,413824,119168,88448,69056,1048576,9536,960,408448,115776,1472,2240,219072,96448,576,1047424
1683,1117440,304192,181632,4352,2816,1088,414784,118592,89984,70848,1046592,9216,1088,409344,118016,1280,2112,216704,99392,576,1045504
1684,1117760,302400,182976,4224,2752,1152,408832,119104,96320,76928,1040832,9280,960,403648,98304,1408,2176,207104,102976,512,1039680
1685,1117632,304512,183360,4288,2752,1088,364992,119040,137600,118464,999168,9216,1088,359488,69632,1216,2176,164928,102656,576,998080
1686,1117952,304064,180736,4352,4928,1088,380544,107008,135232,115648,1002304,9408,1024,375232,77120,1472,2112,178688,102720,768,1001216
1687,1117632,306176,182848,4224,5504,1024,352000,106944,158912,139456,978176,9600,1024,346240,56384,1280,1920,149952,105408,512,977152
1688,1117696,304768,182464,4288,3840,1088,323200,107072,190976,170752,946944,9408,1088,317696,34432,1408,1856,124288,102784,768,945856
1689,1117312,302336,181952,4288,1600,1024,377920,107008,141184,122048,995264,9408,1088,372416,80832,1408,1920,174976,106688,704,994240
1690,1117952,303360,182720,4288,1600,1152,352704,107904,164224,144896,973056,9280,1024,347072,58944,1216,2112,152512,104192,640,971904
1691,1677760,301824,181184,4224,1600,409856,376832,87104,315136,295680,1382080,9216,1024,371200,81472,1216,1984,175296,104128,704,972224
1692,1117632,300800,180864,4288,1600,1088,369600,87808,171584,152192,965440,9216,960,364160,79680,1344,1984,173120,102912,704,964352
1693,1117312,301824,179968,4224,1536,1024,366912,87488,174336,155264,962048,9408,1024,361536,80064,1088,2176,170688,102720,576,961024
1694,1118016,303104,181760,4288,1600,1024,378944,87168,160128,140672,977344,9472,1088,373632,80064,1280,2048,182784,102720,768,976320
1695,1677568,301696,179264,4288,1600,1024,556160,87360,546176,526848,1150720,193728,1024,550592,81216,1088,1984,175744,102592,768,1149696
1696,1678464,299136,184576,4352,1600,1024,699008,88128,400640,380864,1297600,244992,960,693760,99648,1280,2304,265408,104000,576,1296576
1697,1677824,304896,180288,4352,129856,71232,396992,89216,500992,480576,1197248,124224,1024,391296,832,1280,2176,97216,90496,704,1126016
1698,1117312,310400,181248,4288,1664,1024,263296,87424,267968,248576,868736,4864,1024,257920,1536,1344,2112,95680,78592,640,867712
1699,1117504,301824,181056,4224,1600,1088,263680,87680,276352,256448,861056,4672,1024,258368,1600,1280,1920,93952,81792,576,859968
1700,1117888,304896,179008,4352,1600,1088,299520,87360,240064,220288,897600,4736,896,294144,39680,1280,1984,136832,73984,640,896512
1701,1117440,303680,183040,4288,1600,1024,256640,87040,280128,260672,856768,4608,1088,251200,832,1344,1920,92480,74880,704,855744
1702,1117888,304512,182720,4416,1600,1088,256640,86976,279936,260672,857216,4416,960,251200,896,1344,2048,93440,75264,640,856128
1703,1117568,304256,180800,4224,1600,1088,265152,86720,273728,254144,863424,4672,1024,259776,832,1344,2048,100160,76480,640,862336
1704,1678144,302720,183104,4352,2240,412096,573824,98112,101696,81792,1596352,4928,1024,568192,1600,1216,2112,297408,186304,704,1184256
1705,1117440,304704,182528,4288,4928,1024,249536,106752,263680,243968,873472,4544,1088,243968,1344,1408,2112,98688,55808,768,872448
1706,1117568,304832,181312,4224,5184,1088,293824,107776,219328,200256,917312,4608,1088,288256,49984,1280,1984,147072,55104,576,916224
1707,1117632,305408,182656,4352,1664,1152,328832,106688,186880,167424,950208,4608,1024,323264,1472,1344,1984,181184,55936,640,949056
1708,1117696,306496,182272,4288,1664,1088,278336,107264,236288,216896,900800,4736,1024,272960,24448,1344,1920,132480,54400,704,899712
1709,2238720,307328,181760,4352,2240,72512,1235264,130816,304448,283904,1954816,215616,960,1229632,960,1280,645312,212160,74240,832,1882304
1710,1117184,307584,181120,4224,3008,1152,182080,131584,306432,287232,829952,5248,1024,176512,704,1088,1984,8064,59008,640,828800
1711,1117952,306688,182080,4288,3008,1152,166784,130944,323008,303936,814016,5120,1024,160960,640,1280,2112,7104,59072,704,812864
1712,1117568,308928,183104,4288,3072,1024,212800,134720,269632,250304,867264,5184,1024,207296,768,1280,1984,7104,59520,576,866240
1713,1117888,309376,182080,4288,3072,1152,164992,133248,319680,300480,817408,5056,1088,159488,704,1344,1856,7872,58304,768,816256
1714,1117632,305408,182144,4288,3072,1024,250880,146112,224704,205120,912512,5440,1024,245440,768,1152,1920,61568,73024,640,911488
1715,1117632,307456,182080,4224,3072,1088,289472,145472,184768,165376,952256,5120,1024,283968,832,1216,1920,103168,83456,576,951168
1716,1117376,310656,183744,4224,3008,1024,312832,151360,150528,131328,986048,5312,1024,307136,1216,1536,1984,117312,83008,704,985024
1717,1117760,179520,183168,4288,102592,1024,304320,152896,189952,170432,947328,5248,1088,298560,1600,1472,2112,120000,78976,576,946304
1718,1678400,179840,180352,4352,3072,414592,328704,138944,428544,408704,1269696,5184,1152,323136,36928,1216,2048,143872,77184,640,855104
1719,1117120,178880,184192,4352,3136,1152,343360,130112,271936,252608,864512,5248,1088,337920,50816,1280,1984,161152,76352,768,863360
1720,1117696,179968,181248,4224,3072,1024,331328,134528,282304,262720,854976,5120,960,326016,36992,1280,1984,155456,76928,768,853952
1721,1117568,179840,182080,4352,3072,1024,313664,115136,318400,298624,818944,5312,1152,308032,36096,1344,2176,136576,76608,704,817920
1722,1117696,180480,182656,4416,3008,1024,301568,122432,322112,302464,815232,4416,1088,296064,36800,1344,1984,145984,57600,640,814208
1723,1117248,180032,182720,4288,5120,1088,303296,124480,316224,296896,820352,4672,1088,297728,36800,1472,2048,148480,57536,576,819264
1724,1117632,178880,180288,4352,5120,1088,288832,122560,336512,317440,800192,4672,1088,283008,36352,1408,2048,137792,56256,704,799104
1725,1117696,179264,182464,4288,4288,1024,308928,127616,309824,290688,827008,4672,1088,303360,36864,1344,1856,157056,57152,640,825984
1726,1117952,180416,179456,4224,2880,1024,314816,140672,294464,275072,842880,4608,1024,309440,37952,1344,1920,150720,67392,704,841856
1727,1117824,178432,182336,4224,3072,71552,314112,143808,220288,200320,917504,4416,1024,308672,50304,1280,1984,160832,55808,576,845952
1728,1117504,178368,182976,4224,3008,1088,327360,144640,275840,256384,861120,4544,1024,321856,62656,1216,1984,173888,55936,640,860032
1729,1117824,180160,180736,4224,5504,1088,328384,148160,269568,249600,868224,4416,1024,322880,63296,1152,1984,175488,55936,640,867136
1730,1117632,180672,182912,4224,5312,1024,318720,147520,277248,257088,860544,4608,1088,313088,63488,1216,2048,165056,55360,640,859520
1731,1117248,180160,183424,4224,2944,1088,330112,152448,262848,243776,873472,4544,1088,324480,62720,1408,1920,176192,56128,768,872384
1732,1117888,177984,183232,4224,2880,1088,327872,155584,265024,245824,872064,4480,1024,322240,60928,1344,2240,173120,56128,576,870976
1733,1678272,180288,180544,4288,3008,412992,320000,154752,422400,402368,1275904,4864,1024,314560,62272,1152,1856,165376,55872,640,862912
1734,1117248,180416,182976,4224,4928,1024,325120,152256,266304,246912,870336,4352,1024,319616,61504,1280,1984,170624,56128,576,869312
1735,1677760,304960,182016,4288,4096,1024,714304,154368,312704,293504,1384256,3968,960,708864,61888,1280,1984,179328,437632,640,1383232
1736,1117440,302720,181312,4224,4352,1088,281728,151936,190080,170880,946560,3328,960,276224,52224,1216,2240,150080,35072,640,945472
1737,1118272,306624,182848,4224,152448,1088,289920,152768,28352,8256,1110016,3392,1024,284480,54528,1152,1984,158272,34368,640,1108928
1738,1117376,305664,182400,4288,4288,1088,286848,152576,180224,160576,956800,3456,1024,281472,54208,1024,1920,156160,34432,704,955712
1739,1117440,304384,181312,4224,5248,1024,289856,153472,177920,158784,958656,3456,960,284416,54784,1344,2048,158272,34560,512,957632
1740,1117952,304320,181120,4096,4352,1088,293376,152576,177024,157696,960256,3328,1088,287808,54720,1280,2048,162304,34368,640,959168
1741,1117696,304512,180608,4096,4416,1024,349824,151680,121536,102208,1015488,3328,1088,344256,54272,1216,2048,218304,35008,640,1014464
1742,1117568,306432,182464,4288,5504,1088,370560,149248,97984,78592,1038976,3328,960,365120,63296,1216,2048,239232,35264,768,1037888
1743,1117696,304320,181312,4352,4352,1088,293248,144512,184512,165504,952192,3520,1088,287552,61568,1088,1984,162048,34816,704,951104
1744,1117696,305408,183104,4224,4224,1216,295040,145216,179264,159808,957888,3328,1088,289472,61504,1024,1984,164544,35264,576,956672
1745,1117440,306240,182336,4160,4288,1024,295744,141248,182400,163200,954240,3520,1024,290176,61312,1216,2112,165312,34688,512,953216
1746,1117440,304256,181120,4288,5440,1088,302208,138432,180608,161280,956160,3264,1088,296832,62016,1088,1984,172288,34368,768,955072
1747,1678272,305728,181952,4224,4480,412288,299584,137152,332864,313280,1364992,3456,1024,294208,63168,1280,1984,170624,34816,512,952704
1748,1117504,304896,182464,4224,4608,1024,303744,133440,183104,164032,953472,3008,960,298304,64576,1280,2176,174720,34816,576,952448
1749,1117568,302720,181952,4096,5440,1088,300672,129536,192064,172736,944832,3328,1024,295232,64256,1088,2112,172032,34304,704,943744
1750,1117760,304512,180096,4288,4480,1152,307904,130560,184768,165760,952000,3392,1024,302144,65408,1216,1920,179776,33984,768,950848
1751,1117568,305024,182336,4288,4224,1024,291840,125760,203072,184000,933568,3456,1024,286272,64448,1280,2112,163648,34752,704,932544
1752,1117632,305152,180608,4224,5248,1024,294784,122368,204224,185088,932544,3136,960,289408,64064,1216,1856,167360,34624,640,931520
1753,1117568,305728,182400,4160,4416,1088,298304,121536,199936,180928,936640,3200,1024,292864,64384,1280,1856,172032,34432,640,935552
1754,1117760,305856,182592,4224,4480,1088,293376,118272,207872,188672,929088,3392,960,288128,64128,1344,1856,166272,35008,576,928000
1755,1117824,306560,179968,4224,95680,1088,302272,114688,113344,93824,1024000,3328,1024,296384,64704,1280,1920,173952,35008,640,1022912
1756,1117760,307712,182464,4160,4544,1024,295680,115072,207104,187584,930176,3264,1024,289984,64064,1280,1856,168960,34752,576,929152
1757,1117696,306752,181760,4160,4416,70976,298688,113152,137792,118080,999616,3392,1088,293120,65216,1024,2112,172288,35136,704,928640
1758,1117440,305856,179904,4160,4608,1088,293888,107072,220864,201920,915520,3200,960,288320,64640,1216,1920,168384,34624,704,914432
1759,1117824,306304,180160,4224,5504,960,296128,107392,217152,197440,920384,3456,1024,290496,63680,1344,2240,171200,34880,768,919424
1760,1117440,304640,182976,4160,4352,1088,297728,103488,219008,200000,917440,3264,1088,292288,64640,1280,1984,172544,34944,576,916352
1761,1117760,305280,179904,4160,4480,1152,299904,99008,223872,204736,913024,3328,1024,294528,64896,1280,1856,175552,34560,640,911872
1762,1678016,303232,182528,4160,5376,415168,295552,97984,374016,354624,1323392,3392,1024,290048,63744,1216,1920,172032,35136,576,908224
1763,1117888,304576,180416,4352,4352,1152,290560,87680,244800,225920,891968,3072,1024,284992,64320,1152,1984,167808,34752,640,890816
1764,1117632,303488,179584,4288,4544,1088,312832,88192,223616,204288,913344,3200,1024,307584,65280,1344,1984,191744,34688,640,912256
1765,1117376,305472,183296,4224,5568,1024,282688,87808,247296,227904,889472,3520,1024,277312,64384,1216,1856,161344,34880,576,888448
1766,1117760,305216,182784,4288,4416,1088,287296,89216,243456,224448,893312,3264,1088,281728,64064,1216,1920,166656,34880,512,892224
1767,1117952,306112,180288,4288,4352,1024,292736,87744,241408,221888,896064,3328,1024,287168,65024,1280,2048,171136,34944,704,895040
1768,1117312,304192,180352,4288,4352,1024,311296,87296,224512,205440,911872,3264,960,305792,65024,1344,1856,170112,35776,640,910848
1769,1117952,307648,185920,4224,5312,1088,294720,88896,230144,211008,906944,3200,1024,289152,55616,1216,1984,162048,34496,640,905856
1770,1117760,305600,186816,4288,4224,1088,292352,88064,235328,215872,901888,3200,1024,286848,54976,1344,2112,158528,35072,640,900800
1771,1117120,305536,186560,4160,4416,1152,318592,88448,208256,189376,927744,3328,1088,313024,55104,1280,1984,184896,35136,768,926592
1772,1117952,303552,187008,4224,6976,1024,285568,87488,242112,223104,894848,3264,1024,279872,54144,1216,1856,152512,34688,640,893824
1773,1117952,309440,185920,4224,6464,1024,288896,88320,233664,214336,903616,3392,1024,283392,54784,1344,1728,155328,35136,640,902592
1774,1117888,304896,186048,4288,5568,1152,290944,88000,236992,217152,900736,3392,1024,285376,55232,1216,1920,156864,35712,576,899584
1775,1117248,305728,186944,4224,4224,1024,295488,88000,231616,212736,904512,3392,1024,289984,54592,1280,1920,162560,34048,576,903488
1776,1117632,304768,186880,4224,5120,1024,295872,88064,231680,212608,905024,3328,1024,290304,55168,1344,1984,161856,35136,576,904000
1777,1678272,304256,184768,4352,95360,409472,439680,88192,152192,132096,1546176,3200,960,433984,57280,1280,1920,304000,36224,640,1136704
1778,1117184,305920,185728,4224,4288,1088,297792,89024,229120,209920,907264,3200,960,292416,53632,1280,1984,164352,34496,640,906176
1779,1117632,307712,186112,4160,5376,1088,313728,88448,211008,192064,925568,3392,960,308288,53824,1216,2112,179520,34816,704,924480
1780,1117824,307072,187968,4160,4224,1024,295808,87936,229632,210752,907072,3200,960,290304,53312,1344,2048,163072,34304,640,906048
1781,1118016,304640,187328,4288,4416,1088,307008,88448,220800,201408,916608,3328,1024,301248,55168,1280,2048,171904,35328,704,915520
1782,1117440,305664,187200,4288,5440,960,306688,88512,218688,199488,917952,3520,1024,301120,53952,1344,1984,172416,35328,512,916992
1782,1117760,306880,186688,4224,4288,960,430656,88128,95936,77056,1040704,3264,1024,425216,58112,1216,1984,297856,34624,576,1039744
1783,1117696,304896,187776,4224,4224,1088,297024,87104,231360,212096,905600,3200,1024,291520,61952,1280,1984,163904,34496,704,904512
1784,1117888,309184,185728,4224,5248,1088,296832,87040,228544,209280,908608,3136,1024,291328,61440,1216,1920,163968,35008,576,907520
1785,1117312,304704,186304,4224,4416,1088,302592,87744,226240,207232,910080,3456,1024,297152,62208,1280,1920,167808,34880,704,908992
1786,1117888,305088,188672,4224,4416,72192,305088,89984,148224,128768,989120,3456,1088,299520,61056,1280,1856,167680,34432,576,916928
1787,1117376,303488,187520,4224,4352,1024,302912,89024,224832,205824,911552,3328,1024,297344,60672,1216,1856,167296,34944,576,910528
1788,1118336,307200,188608,4224,5184,960,304384,88128,219648,199552,918784,3264,1024,299008,62016,1344,2048,169856,34240,640,917824
1789,1117376,305600,185984,4160,4416,1024,304768,88448,222976,203776,913600,3456,1024,299200,62272,1344,1984,169216,35328,768,912576
1790,1117504,307136,186560,4288,4288,1024,301888,88512,223808,204864,912640,3392,1088,296384,61248,1216,1984,165568,34816,704,911616
1791,1678208,304192,188544,4288,4352,409984,302080,89024,375744,356352,1321856,3392,1088,296384,61888,1216,1856,167552,34240,576,911872
1792,1117632,303360,187008,4352,4416,1024,318848,88576,210048,190464,927168,3392,1024,313280,61120,1280,1856,184512,34688,704,926144
1793,1117888,306304,187968,4288,4352,1024,305344,88192,220416,201088,916800,3584,960,299904,62272,1216,1920,161472,35648,640,915776
1794,1117056,307584,188544,4288,4544,1024,424704,87744,98624,79488,1037568,3200,1024,419200,61760,1344,2112,163072,35776,576,1036544
1795,1117952,306624,183360,4224,4928,1024,307776,89344,220672,201728,916224,3328,960,302336,61568,1152,2048,166976,35136,768,915200
1796,1118464,305088,184256,4352,5632,1024,305920,99456,212736,192768,925696,3520,1024,300352,61184,1280,1984,168704,34624,576,924672
1797,1116736,304576,185024,4224,129408,1088,308032,97664,86720,67328,1049408,3392,1024,302336,65920,1088,2048,173824,33856,704,1048320
1798,1117824,306816,184256,4160,4800,1024,303616,97728,215424,195968,921856,3328,1024,298048,60480,1152,1984,165504,34560,704,920832
1799,1117952,306624,185472,4288,4800,1088,304768,98560,212352,193024,924928,3392,1024,299136,61312,1088,2240,170944,34368,512,923840
1800,1117760,304576,180480,4416,4928,1088,302976,99648,219648,200000,917760,3456,1024,297536,59456,1216,2048,166400,34624,576,916672
1801,1117120,305664,180992,4288,4800,1152,309504,99968,210752,191360,925760,3392,1024,304000,61824,1152,2048,170304,34816,640,924608
1802,1117824,305856,185856,4288,5888,1088,354176,100608,160064,140800,977024,3456,1088,348608,53568,1280,1984,212736,35712,768,975936
1803,1117760,306688,185408,4288,4736,1024,299776,100416,215424,196032,921728,3328,1024,294464,53888,1344,2048,156672,34816,640,920704
1804,1118144,305728,186688,4352,5696,1088,310208,101760,202624,182784,935360,3584,896,304768,54976,1216,2112,154432,34880,640,934272
1805,1117376,307712,188544,4288,4800,1024,304256,102016,204736,185216,932160,3520,1088,298816,54272,1152,1856,155520,34624,640,931136
1806,1678144,304256,187008,4352,5056,414080,305920,101248,356224,336192,1341952,3392,1088,300608,53696,1216,1984,159296,34560,576,927872
1807,1117312,305152,189184,4288,4928,960,311936,101312,199552,179904,937408,3456,1024,306432,54208,1216,2048,167232,34048,704,936448
1808,1117568,303936,189376,4352,5952,1024,297536,101376,214016,194432,923136,3328,1024,292096,53760,1472,1920,149120,34240,704,922112
1809,1117376,303744,192384,4224,4928,960,302528,100928,207680,188480,928896,3392,960,297088,54656,1408,1920,156928,34624,576,927936
1810,1117952,305024,189376,4288,4800,1024,309248,102144,202048,182400,935552,3392,1024,303744,54400,1344,2048,161984,34816,640,934528
1811,1117376,305152,189568,4352,4800,1024,301952,101504,209024,189952,927424,3328,1152,296320,53504,1280,1984,159104,35072,640,926400
1812,1117952,306432,189952,4288,5824,1088,313152,99776,197440,178176,939776,3456,960,307584,53760,1344,1920,160448,34816,576,938688
1813,1117760,305344,189504,4224,4800,1024,312128,101376,199360,179968,937792,3456,960,306880,54464,1152,2048,159744,34752,704,936768
1814,1118016,306496,188160,4288,4800,1152,308352,101120,203648,184256,933760,3328,1088,302784,54016,1280,2112,161216,34048,704,932608
1815,1117376,306112,189056,4288,4928,1152,304256,101824,205760,186496,930880,3200,1088,298688,53440,1408,1920,161408,35520,640,929728
1816,1118016,305984,189312,4288,4800,71168,388032,104384,50048,29632,1088384,3456,1024,382464,59136,1216,1920,240640,35328,640,1017216
1817,1117504,307648,185280,4288,4800,1024,316864,100928,196672,176768,940736,3264,1024,311552,61696,1088,1984,161920,34176,512,939712
1818,1117504,306112,190208,4288,6016,1088,314560,106048,189184,169600,947904,3392,960,309120,61568,1216,1984,166400,34112,640,946816
1819,1117504,305280,188288,4352,95616,1152,313472,101824,107520,88320,1029184,3328,960,307904,61888,1280,1984,167936,34048,768,1028032
1820,1117824,305792,186112,4352,4928,1088,331008,103680,180864,161408,956416,3392,1024,325632,63296,1344,2112,170176,34560,704,955328
1821,1678080,304960,187264,4352,4928,397696,336640,102656,339584,319360,1358720,3392,1088,331264,64768,1088,2048,190912,34944,640,961024
1822,1117056,305216,187840,4352,5824,1024,328896,106624,177280,158080,958976,3392,960,323264,64064,1280,2112,162880,35072,576,957952
1823,1118208,304064,189248,4288,4864,1088,314688,103104,196864,177856,940352,3136,1088,308928,64576,1280,1984,169088,33984,512,939264
1824,1117632,304384,187456,4288,4928,1024,317888,103616,194048,174464,943168,3392,1024,312448,62784,1280,2176,164928,34624,512,942144
1825,1117632,178560,188224,4288,4224,1024,488832,115456,137024,117440,1000192,3264,1024,483392,60224,1344,1984,340352,34240,576,999168
1826,1117312,179392,187456,4224,5376,1088,319104,112000,308672,289408,827904,3392,1024,313472,59200,1216,2048,165440,34496,640,826816
1827,1117760,179584,187264,4224,4288,1088,320768,114432,306112,286720,831040,3328,1088,315200,58816,1344,1984,164096,34176,576,829952
1828,1117952,176512,189888,4352,4224,1088,319232,114368,308288,288512,829440,3456,1088,313728,57856,1152,1984,164608,34944,640,828352
1829,1117760,178880,187904,4288,5312,1088,322112,115904,302272,282752,835008,3136,1152,316608,57600,1216,1984,159104,34368,512,833920
1830,1117632,177664,188800,4352,4352,1024,319616,115136,306688,287168,830464,3392,1024,314240,59328,1280,1984,164480,35008,640,829440
1831,1117696,179648,187968,4160,4352,960,323968,115712,300928,281344,836352,3200,960,318528,57472,1280,2112,162048,34816,576,835392
1832,1117760,179392,186560,4352,4352,1088,330816,115136,296064,276352,841408,3200,1088,325184,58176,1216,2112,166400,34368,704,840320
1833,1117312,179968,188608,4352,4352,1088,317440,116288,305216,285760,831552,3392,1024,312000,61568,1280,2048,166144,34752,704,830464
1834,1117824,179456,190272,4224,5248,1088,329600,116096,291840,272640,845184,3456,1088,324224,61888,1344,2048,170944,34240,512,844096
1835,1117312,178240,187840,4288,4288,960,325184,116992,299520,280384,836928,3328,1152,319552,61632,1344,1920,172992,34688,640,835968
1836,1678400,177984,187840,4288,4224,412480,336064,116480,439040,419008,1259392,3520,1088,330496,61824,1280,1984,180608,33856,576,846912
1837,1117376,179328,187712,4288,4416,1088,323200,107712,309632,290176,827200,3264,1152,317760,61504,1280,2112,159680,34496,640,826112
1838,1117760,178688,187456,4352,4416,1024,318592,107648,315584,296000,821760,3328,1088,313024,62528,1408,1920,163520,34176,704,820736
1839,1117760,178432,188608,4288,5440,1024,336640,108480,294848,275136,842624,3136,1088,331008,62016,1280,2112,170048,35328,512,841600
1840,1117248,178560,189952,4352,129280,1024,334656,108672,170752,151424,965824,3520,1088,328960,62272,1216,2112,166592,34304,640,964800
1841,1118080,175552,189376,4288,4480,1024,321728,108992,312640,292864,825216,3392,1024,316352,62400,1216,1984,168896,34752,640,824192
1842,1117376,180992,186688,4352,4416,896,331520,108288,300224,280704,836672,3264,960,325952,61120,1408,1920,164608,35456,576,835776
1843,1117824,179328,188992,4288,4416,1024,322432,108480,308864,289216,828608,3520,960,316864,62208,1280,2176,169216,35008,640,827584
1844,1117696,177728,188032,4352,4480,1024,323968,108032,310080,291008,826688,3392,1024,318336,62208,1216,2176,164096,34688,640,825664
1845,1117824,177536,189312,4352,4480,960,332800,110912,297472,278016,839808,3392,960,327168,61120,1280,2048,168256,34752,576,838848
1846,1117952,177856,189440,4288,4608,71744,444032,112000,113984,93760,1024192,3392,1024,438848,61696,1216,2112,182912,34816,640,952448
1847,1677504,183424,187584,4352,5696,70592,475904,230720,519232,499648,1177856,3136,1024,470528,62400,1280,2048,307648,34944,640,1107264
1848,1117568,183488,188288,4288,4608,1088,286272,186176,263360,243648,873920,3328,960,280896,60288,1216,1984,126336,34752,512,872832
1849,1117760,184064,188160,4352,4608,960,307584,188608,239424,219776,897984,3520,1024,302400,59904,1408,2240,127872,35200,576,897024
1850,1677760,181824,189760,4288,6592,409600,289664,186176,409856,389824,1287936,3328,960,284352,59136,1216,2240,129536,35072,768,878336
1851,1117248,183104,189184,4352,6784,1024,286976,187904,257920,238528,878720,3584,1024,281600,59712,1280,1920,131136,35520,512,877696
1852,1118080,183680,187712,4352,4544,960,302400,185728,248704,229184,888896,3200,960,296832,60288,1216,2112,132416,35712,768,887936
1853,1117376,182016,188096,4352,5312,1024,283968,186560,266048,246720,870656,3328,1024,278528,57536,1216,2048,128576,35840,640,869632
1854,1117824,181568,188096,4352,4416,1152,295168,187840,255232,235520,882304,3264,960,289536,56512,1216,2048,122624,35264,640,881152
1855,1117376,182208,192000,4352,4352,1088,281472,187264,264640,245440,871936,3392,960,275904,56448,1344,2048,125568,35584,576,870848
1856,1118336,182528,189504,4288,4416,1088,287680,186176,262656,242880,875456,3328,1024,281984,57280,1088,1984,126592,35648,704,874368
1857,1117632,182720,189376,4352,4416,1088,295808,187328,252544,233088,884544,3456,1088,290176,56896,1088,2112,127424,35840,640,883456
1858,1117632,183104,189376,4416,4352,1088,298688,186880,249728,230208,887424,3328,1024,293120,56192,1216,1920,126976,35264,576,886336
1859,1117568,182400,187968,4352,5440,1088,292544,188224,255552,236224,881344,3328,1088,286720,56448,1216,2176,122304,35520,640,880256
1860,1117824,181312,187520,4416,4416,960,348736,188544,201920,182400,935424,3456,1024,343104,58048,1216,1984,187712,35968,512,934464
1861,1117888,181056,189248,4352,132032,1088,367424,188608,54080,33984,1083904,3456,960,361984,58368,1152,1984,206656,36160,576,1082816
1862,1117760,181120,185728,4352,6656,1088,303936,186496,248384,229056,888704,3456,1024,298560,56128,1152,2048,134400,35200,768,887616
1863,1117696,181056,188352,4288,5376,1024,292928,187072,257600,237568,880128,3648,1024,287616,56896,1216,2112,137088,35712,576,879104
1864,1117504,180032,189760,4288,4160,1088,309504,187392,241280,221952,895552,3392,960,304192,56576,1344,2112,136512,35136,704,894464
1865,1678208,181440,189632,4288,4160,410816,293824,188544,405504,385344,1292864,3264,960,288192,56192,1024,2112,136512,35968,704,882048
1866,1116928,182144,188672,4352,5120,1024,429568,186944,119104,99904,1017024,3264,1024,424192,57344,1280,1920,268928,35968,640,1016000
1867,1117760,181952,186752,4416,4224,1024,300096,190016,249280,229888,887872,3392,1088,294720,56832,1280,2048,121600,36096,576,886848
1868,1117824,181312,188800,4288,5248,1088,285568,189568,261952,242432,875392,3584,960,280192,56768,1216,2112,123776,36160,512,874304
1869,1117440,181248,189056,4416,2688,1088,293440,189824,255680,236544,880896,3328,960,288064,54848,1152,1984,122112,35456,512,879808
1870,1117952,181824,189952,4416,2688,1024,297216,188352,252480,232960,884992,3456,1088,291776,52416,1280,2112,122752,35328,640,883968
1871,1117824,180032,188800,4288,2752,1024,281664,188800,270464,250624,867200,3200,960,276544,52416,1216,1984,123456,35776,576,866176
1872,1117824,181440,187328,4352,3456,1088,295296,190528,254336,234496,883328,3328,960,289920,52864,1152,2112,123904,35584,768,882240
1873,1117504,180224,187200,4352,4608,960,282496,188736,268928,249664,867840,3648,1024,276736,52864,1088,1920,124800,35328,640,866880
1874,1117632,182656,188288,4416,3456,1024,292672,190208,254912,235392,882240,3456,1024,287488,52160,1280,1984,117888,34880,576,881216
1875,1117632,184000,187904,4352,1664,1024,278912,190208,269568,250304,867328,3584,1024,273472,52928,1216,1984,120576,35520,704,866304
1876,1118208,180224,190016,4352,2240,70336,373120,191168,106752,86592,1031616,3200,1024,367808,53120,1088,2048,122176,35840,704,961280
1877,1117056,307648,190144,4224,2816,1088,349440,189888,71808,52736,1064320,3328,1024,343808,49856,1280,1792,178624,36608,576,1063232
1878,1117952,306368,189312,4352,2816,1088,272832,189504,151680,131968,985984,3264,960,267392,46208,1280,2112,109568,35968,640,984896
1880,1117184,305536,189504,4416,2816,1024,280832,189568,143488,124224,992960,3264,960,275392,45312,1216,2048,109632,34944,512,991936
1881,1678464,306112,188416,4352,2816,407104,272384,190656,306624,286464,1392000,3264,960,266880,45632,1280,1856,108928,35264,640,984896
1882,1117696,305664,188608,4352,2816,1024,269760,188608,156864,136704,980992,3392,1024,264320,45696,1216,2048,112192,34944,576,979968
1883,1117120,309184,188224,4288,2816,1088,283968,188352,139200,119744,997376,3456,1088,278336,46400,1088,1856,112000,35328,640,996288
1884,1117632,307136,192064,4224,127616,1088,267328,189504,28672,9280,1108352,3456,1024,261760,46400,1152,1920,110528,34880,576,1107264
1885,1117952,307264,190144,4416,2880,1088,289280,191232,131648,112192,1005760,3328,1024,283776,45504,1152,2048,113152,35456,640,1004672
1886,1677568,307712,189184,4352,2816,1088,931968,192192,48256,28864,1648704,3520,1088,926528,47808,1088,1984,763008,35520,704,1647616
1887,1117696,309312,189568,4352,2816,960,313920,190656,106112,86720,1030976,3584,1024,308480,46656,1216,1920,151168,35456,704,1030016
1888,1117888,307328,186176,4352,2752,1088,322304,190528,103360,83840,1034048,3264,1024,316800,47360,1216,2240,153280,34944,512,1032960
1889,1117632,307712,190720,4352,2816,1024,319296,189440,102272,82688,1034944,3648,1024,313728,47360,1280,2176,156288,35136,640,1033920
1890,1117824,305664,190016,4288,2880,1024,328512,190784,94656,75072,1042752,3456,896,323136,46848,1280,1920,156160,34880,576,1041728
1891,1117312,306304,188736,4288,2816,1088,319168,190208,104704,85760,1031552,3520,1024,313792,47360,1280,2048,156032,35712,640,1030464
1892,1117824,307328,191680,4352,4800,1088,313920,188864,105792,86080,1031744,3520,1024,308416,46848,1216,1856,154624,35328,768,1030656
1893,1677952,307264,186560,4288,4928,1024,418688,188672,566528,546816,1131136,3456,1088,413248,56320,1152,2048,245888,36032,576,1130112
1894,1117952,306368,188672,4352,3328,1088,328768,188352,97024,77248,1040704,3584,1024,323328,54080,1216,1920,171136,35712,768,1039616
1895,1677696,308096,190144,4352,1600,408704,357440,190272,217088,197248,1480448,3328,1024,352000,54080,1152,1984,171520,36480,768,1071744
1896,1117440,306816,190592,4352,1536,1088,342848,191744,78464,59008,1058432,3456,1088,337472,54080,1280,1984,171200,35520,576,1057344
1897,1117824,308736,188672,4352,1600,1088,330816,190208,92352,73088,1044736,3392,1024,325248,54208,1152,2048,167424,34880,704,1043648
1898,1677888,308160,187072,4416,1600,1088,471936,189760,513856,494208,1183680,3264,1216,466560,54592,1088,2176,302144,35520,576,1182592
1899,1117760,309632,190144,4224,1664,1024,312960,190336,107776,88512,1029248,3264,1024,307648,53504,1280,1920,150720,34688,768,1028224
1900,1677632,305280,187328,4352,1728,1088,684608,111936,381312,361984,1315648,3968,1024,679232,59776,1280,2048,427712,118592,640,1314560
1901,1117696,308032,187776,4416,1664,1024,444352,112448,57984,38528,1079168,4672,1024,438656,61248,1280,1920,237440,77376,704,1078144
1902,1117888,306048,188800,4352,1600,1024,373632,112512,129920,110080,1007808,4736,1152,368256,63168,1216,2112,170880,77440,576,1006784
1903,1677888,305024,185152,4416,126208,960,384256,110592,561280,537728,1140160,4800,1088,378560,61696,1152,2048,169408,77056,704,1139200
1904,1117760,302528,187392,4352,1600,1024,383936,110080,126848,107008,1010752,4800,1088,378496,62528,1344,2048,172928,77312,704,1009728
1905,1117120,305856,188352,4288,1600,1088,407680,112704,95552,76544,1040576,4416,1088,402176,62528,1344,2112,188736,77568,640,1039488
1906,1678592,304768,189824,4352,1600,960,503104,114368,559616,540160,1138432,4416,1088,497152,61248,1344,2048,301376,77632,640,1137472
1907,1677440,307840,190336,4352,2112,70272,457856,113600,531072,511680,1165760,4544,1024,452224,61888,1216,2048,155648,77312,640,1095488
1908,1678080,304640,188928,4288,2944,408576,366720,110784,291200,271680,1406400,4672,960,361216,62080,1408,2048,155008,77440,640,997824
1909,1117248,306816,186496,4224,2816,1024,364736,109248,141888,122752,994496,4864,1024,359424,62656,1216,2112,158912,77888,576,993472
1910,1118144,306176,188224,4288,2816,1088,394176,111296,110080,90560,1027584,4544,1152,388544,63360,1280,2112,180480,76480,768,1026496
1911,1117184,306304,187264,4288,2752,1024,368128,111680,135744,116416,1000768,4800,960,362624,62208,1152,2048,161408,77824,640,999744
1912,1118272,305216,189632,4352,2816,1024,364672,111424,139136,119424,998848,4544,1024,359232,62208,1408,1856,162944,77632,576,997824
1913,1117376,309248,187520,4288,2880,1088,388672,108928,114752,95360,1022016,4672,1024,383104,62528,1280,2048,161280,77952,640,1020928
1914,1118016,306624,189056,4416,2752,1088,360640,110272,143168,123520,994496,4544,1024,355200,64640,1472,2112,160192,76992,640,993408
1915,1117312,305856,189248,4416,2752,1024,398976,110144,104896,85696,1031616,4544,1024,393600,66048,1344,1984,180160,77056,704,1030592
1916,1117888,304768,189440,4288,2816,1088,369472,110848,135168,115840,1002048,4672,960,364032,65600,1344,2112,163520,80256,576,1000960
1917,1118208,304128,188480,4352,2816,1024,362816,111296,143296,123200,995008,4544,1152,357312,58112,1280,2048,156416,77248,640,993984
1918,1117184,307200,189120,4352,2752,1088,369856,110656,132160,112640,1004544,4864,1024,364288,58240,1152,1984,154560,80192,704,1003456
1919,1117824,309120,188544,4352,2688,1088,357952,110400,143680,123904,993920,4480,1088,352640,58176,1216,2240,153344,76736,640,992832
1920,1117632,304704,189248,4288,2752,1088,393024,111168,111360,91712,1025920,4544,1152,387520,59520,1280,2176,175232,79936,704,1024832
1921,1117568,305152,185792,4288,2688,1024,378176,113984,126464,106880,1010688,4608,1024,372608,59072,1216,2112,157120,78336,704,1009664
1922,1117760,307648,187136,4352,2752,1088,374336,110720,129728,110400,1007360,4800,1088,368768,60096,1088,2176,159616,78016,704,1006272
1923,1677824,304768,186624,4288,129664,406656,492992,120448,32384,12352,1665472,4608,960,487488,66432,1344,1920,162112,191680,640,1258816
1924,1117632,306048,193984,4416,4864,1088,345408,107584,154240,134848,982784,4992,960,339968,35008,1280,2176,140032,56896,768,981696
1925,1117888,305280,191232,4352,3456,1088,325312,107904,179264,159488,958400,4992,1088,319808,35584,1152,2048,143552,56064,704,957312
1926,1117504,305856,190464,4288,1664,1024,453312,108672,52224,32768,1084736,4800,1088,447872,36032,1216,1984,271104,56192,576,1083712
1927,1117824,307264,192576,4288,1536,1024,333632,107200,170304,150720,967104,4928,960,328192,36160,1152,2048,151168,56640,576,966080
1928,1117504,309184,190592,4416,1664,1024,429312,121984,59328,39936,1077568,4800,1088,423872,108992,1216,1920,214848,70208,704,1076544
1929,1117824,306240,192768,4352,1600,1024,405376,121600,84864,65152,1052672,4928,1088,400000,107648,1280,1984,219712,56128,768,1051648
1930,1677888,301056,194560,4352,2816,1088,918208,120768,135040,115136,1562752,251968,1024,912832,108672,1152,2048,438592,100480,576,1561664
1931,1677696,304000,193152,4288,2816,1088,697280,109184,365888,346432,1331264,248704,1152,691840,107904,1408,1920,222720,94720,640,1330176
1932,1677696,302912,191360,4416,2752,1088,703616,108032,363520,344448,1333248,265216,1088,698048,107840,1280,2048,222464,93952,768,1332160
1933,1678080,301568,193792,4352,2688,1024,726336,112960,335360,315712,1362368,282496,1024,720640,107264,1344,2048,218496,94400,576,1361344
1934,1678080,301568,190976,4288,4864,960,714944,112192,348288,328576,1349504,282368,1088,709312,107136,1472,1984,217472,93632,704,1348544
1935,2238528,304000,187200,4352,5184,407296,706752,97344,526400,506240,1732288,281728,1024,701184,107136,1344,2112,217728,94912,704,1324992
1936,1677184,303360,188672,4352,2688,1088,712064,97920,367040,347392,1329792,282816,1088,706560,111360,1344,2112,235648,95360,704,1328704
1937,1678464,300864,188352,4352,2880,70336,845504,107840,158336,138176,1540288,283072,896,839936,114304,1472,2048,259008,99200,512,1469952
1938,1677120,304768,189440,4288,2944,1152,699200,104704,370624,351488,1325632,282816,1024,693632,112960,1408,2048,221632,95040,640,1324480
1939,1677952,302848,193728,4288,2944,1024,728832,109376,334912,315584,1362368,282368,1024,723456,113920,1408,2112,224384,95680,704,1361344
1940,1677888,303360,192128,4352,128384,1024,717568,106368,224704,204864,1473024,282368,1024,711936,115712,1408,2048,229568,94464,704,1472000
1941,1117632,306816,191936,4224,3008,1024,401984,104256,104384,84864,1032768,4928,1088,396544,114560,1344,2112,228480,56832,576,1031744
1942,1117824,306880,189248,4288,4992,1024,395904,104128,111360,91968,1025856,4480,1024,390656,113920,1344,2048,224512,56064,640,1024832
1943,1117760,306816,191552,4288,5056,1088,452864,104640,51456,32064,1085696,4992,1088,447232,115136,1280,2048,283712,56384,576,1084608
1944,1117440,306176,191936,4288,2880,1088,471360,96128,43584,24448,1092992,4736,1088,465856,114624,1472,1920,302720,56384,640,1091904
1945,1117888,308992,190272,4224,2816,1024,392064,95808,122688,103936,1013952,4608,1024,386624,113792,1216,2112,228992,56576,704,1012928
1946,1117760,306816,181632,4224,2816,1088,381120,96640,143424,124288,993472,4544,1024,375424,112256,1408,1856,230336,56640,704,992384
1947,1678336,307008,181248,4288,2816,409792,385344,96832,291008,271296,1407040,4928,1024,379712,113728,1472,1984,234048,56448,640,997248
1948,1677376,306048,181248,4352,2816,1088,578048,95872,507904,488704,1188672,4736,960,572480,113664,1344,2048,425152,57728,704,1187584
1949,1677952,306560,182592,4416,2816,1088,511040,96064,573376,553664,1124288,4800,1024,505536,114176,1536,2176,359616,56832,640,1123200
1950,1117824,308416,182208,4352,2816,1088,363072,96064,159808,140352,977472,4928,1088,357504,114816,1408,1920,213120,55424,512,976384
1951,1117568,307456,182336,4352,4928,1024,367488,96448,153536,134016,983552,4608,960,361920,118592,1344,2048,218048,55616,640,982528
1952,1117376,308032,180864,4224,4928,1024,375104,85312,157888,138944,978432,4992,1024,369792,124160,1344,1920,224768,57280,576,977408
1953,1117888,305024,179776,4288,4032,1088,380224,84992,158464,139136,978752,4672,1024,374592,125312,1344,1856,231552,56448,704,977664
1954,1117952,310272,182016,4352,2816,1088,426560,85888,104960,85824,1032128,4928,1024,421184,118976,1472,2112,276096,57344,640,1031040
1955,1117184,306944,180608,4288,2880,1088,368512,85184,167680,148736,968448,4800,1088,362880,115072,1472,2112,218752,56960,704,967360
1956,1117888,309120,181248,4352,2752,1088,366208,84416,168704,149120,968768,4864,1152,360832,115456,1408,2240,216512,56896,512,967680
1957,1117632,307136,180352,4352,2816,1088,370112,83904,167872,148544,969088,4800,1152,364608,117824,1280,2112,220096,56832,704,968000
1958,1117760,307776,181824,4352,2688,1024,329280,84480,206336,187072,930688,4480,960,323840,79104,1408,1984,181824,56000,640,929664
1959,1117696,309824,180544,4352,2816,1152,324416,84224,210368,191104,926592,4736,1152,318656,76864,1280,1920,176768,55808,704,925440
1960,1117760,308032,181120,4288,94208,1024,247040,84736,197312,177664,940096,5056,1024,241536,960,1408,2176,96640,57472,576,939072
1961,1678016,305856,179072,4416,2688,412032,249344,84672,439936,420224,1257792,4864,1024,243968,960,1344,2112,101056,56768,576,845760
1962,1117248,307008,181824,4288,2816,1024,254464,84864,280960,261632,855616,4928,1088,249024,896,1408,1856,106304,56192,704,854592
1963,1117568,307392,181504,4352,4992,1088,257472,83712,277056,257984,859584,4928,1152,252032,896,1280,2048,107968,57408,768,858496
1964,1118208,305088,181120,4352,4864,1024,249024,85376,287360,268032,850176,4992,960,243392,1024,1216,1856,99584,57408,512,849152
1965,1117248,308608,180480,4288,3264,1024,251712,84352,283520,263552,853696,4800,1024,246208,960,1600,1984,103360,56192,640,852672
1966,1117760,306880,181056,4288,1600,1024,249280,85248,288384,269248,848512,5376,1024,243840,1216,1472,2112,98752,57408,768,847488
1967,1678144,307264,182208,4224,2240,70144,590336,87168,434560,414912,1263232,4672,1088,584768,3776,1536,2048,366592,58304,576,1193088
1968,1677760,306304,182720,4224,2880,1024,559104,95936,525568,506176,1171584,4608,1024,553472,79936,1408,1920,389824,75648,704,1170560
1969,1117312,304576,181376,4288,2880,1024,406144,105344,111680,92480,1024832,4416,960,400768,20736,1280,1984,206208,101760,576,1023808
1970,1118144,304128,182592,4288,2880,1024,288704,105728,228800,209152,908992,4352,1024,283136,832,1408,2112,97536,96512,768,907968
1971,1117440,305472,182656,4288,2944,1088,291776,104576,224640,205056,912384,4672,1152,286336,1024,1280,1920,98944,98432,512,911296
1972,1117696,307008,180096,4288,2816,960,377600,104704,140224,120512,997184,4352,960,372096,1216,1408,1984,182528,99456,768,996224
1973,1117888,304064,182592,4288,2880,1088,288448,105536,228992,209472,908416,4352,1088,283008,1344,1280,2048,100224,92480,640,907328
1974,1117312,306944,182720,4288,2816,1088,319744,105088,194624,175680,941632,4672,1024,314048,21888,1408,1984,128640,95424,768,940544
1975,2238784,306816,182144,4288,2944,470464,895808,120512,255808,235840,2002944,452800,1024,890240,1152,1344,123648,108288,120000,640,1532480
1976,1117440,310080,182528,4224,3072,1088,196160,122752,297536,277824,839616,5312,1024,190656,1344,1152,1728,8832,65216,768,838528
1977,1118016,311424,180608,4224,2880,1088,218880,122560,276352,256576,861440,5184,1024,213376,44096,1344,1920,52736,65216,704,860352
1978,1117120,306368,183104,4288,3008,1088,332032,129664,157568,137984,979136,5056,1024,326592,41152,1216,1920,142464,91520,640,978048
1979,1117376,312256,181888,4288,3008,1024,296064,129792,189056,169664,947712,4736,1088,290752,960,1408,1856,107456,90368,768,946688
1980,1677568,304704,182016,4352,127168,1024,552896,128640,376768,357184,1320384,188544,1024,547264,1664,1344,1984,174848,94272,704,1319360
1981,1118336,305280,183616,4416,5120,1088,316992,125888,175936,156416,961920,4352,1152,311616,34304,1216,1984,145984,72768,704,960832
1982,1117568,307264,182080,4224,4160,1024,293824,121792,203200,183680,933888,4608,1024,288448,21504,1280,2048,124288,71872,640,932864
1983,1117952,308224,180288,4288,2816,1024,272320,101760,247232,227968,889984,4160,960,266880,1536,1344,1920,102464,72000,704,888960
1984,1118080,305600,181184,4288,2880,1024,309056,84096,229952,210240,907840,4608,1024,303424,34496,1408,2176,140416,72128,448,906816
1985,1117312,307392,181440,4352,2816,1024,262208,84800,273280,253824,863488,4480,1024,256896,1536,1344,2048,98496,72192,768,862464
1986,1117696,310336,181248,4352,4928,1088,267072,85248,263424,244160,873536,4480,960,261568,1408,1344,1792,102144,72768,704,872448
1987,1117632,307200,182592,4288,2880,1024,443264,104704,71680,52288,1065344,5056,1088,437760,39168,1216,2048,142592,204096,768,1064320
1988,1117504,310912,182592,4224,4928,1088,272448,105728,235584,216320,901184,4800,1088,267136,16320,1152,1984,119872,57664,576,900096
1989,1117952,307072,180800,4288,4992,1152,259648,105408,254592,235584,882368,4416,1024,254144,1408,1344,1984,106752,57664,704,881216
1990,1677632,306432,180672,4288,4096,411264,289088,104256,377536,357952,1319680,4608,960,283648,32256,1344,2176,135680,57728,704,908416
1991,1117888,307264,180928,4352,2752,960,268224,105792,247616,227584,890304,4608,1024,262784,960,1280,2176,114560,58432,704,889344
1992,1117760,304448,183232,4352,2752,1088,264256,105536,252096,232384,885376,4416,1024,258624,1408,1152,2112,111104,57792,640,884288
1993,1117504,309888,182592,4224,2880,960,264576,104576,247808,228416,889088,4736,1088,259136,1536,1344,2048,111552,57856,512,888128
1994,1118016,307072,180928,4224,2816,1088,297728,106944,217216,197824,920192,4928,1024,292224,31808,1216,2048,144064,58176,512,919104
1995,1117184,306112,181952,4160,2880,1024,316544,105856,198656,179648,937536,4480,1088,311168,960,1280,2112,162688,58816,704,936512
1996,1117952,305984,182848,4352,2752,1152,252608,105152,263104,243840,874112,4800,1152,247168,1216,1408,1856,99328,58368,576,872960
1997,3358400,308736,182976,4352,2816,2123840,421440,178048,136192,116672,3241728,4480,960,415936,1984,1408,2048,258688,61248,640,1117888
1998,1117760,308672,183232,4224,2368,8320,179904,161472,269568,250368,867392,0,768,7232,0,0,0,0,0,0,859072
1999,1117376,306880,183104,4352,127488,8256,13056,160512,313728,295104,822272,0,1088,7872,0,0,0,0,0,0,814016
2000,1117952,308480,182464,4288,2432,8256,11520,159872,440640,422656,695296,0,832,7104,0,0,0,0,0,0,687040
2001,1117568,305280,181376,4288,2304,8384,11136,160256,444544,426560,691008,0,832,6976,0,0,0,0,0,0,682624
2002,1117952,307712,183616,4288,2304,8384,11328,161024,439296,420864,697088,0,1024,6848,0,0,0,0,0,0,688704
2003,1117568,305984,182592,4160,2304,421312,11456,160768,28992,10816,1106752,0,832,7040,0,0,0,0,0,0,685440
2004,1117696,309504,181952,4224,2496,8192,11584,160448,439296,421376,696320,0,896,7232,0,0,0,0,0,0,688128
2005,1117632,309504,181568,4224,2304,8256,11456,161152,439168,421184,696448,0,896,7040,0,0,0,0,0,0,688192
2006,1117312,307904,181504,4288,2368,8384,11328,162112,439424,421696,695616,0,768,7040,0,0,0,0,0,0,687232
2007,1117632,307136,182720,4224,2432,8448,11392,160000,441280,423296,694336,0,896,6976,0,0,0,0,0,0,685888
2008,1117888,307136,184512,4352,2368,8256,11264,162240,437760,419712,698176,0,832,6848,0,0,0,0,0,0,689920
2009,1117824,309440,182912,4224,2432,8256,11392,160960,438208,420032,697792,0,832,6976,0,0,0,0,0,0,689536
2010,1117888,307392,185472,4224,2304,8256,11456,161088,437696,419264,698624,0,896,6976,0,0,0,0,0,0,690368
2011,1117568,308288,182528,4224,2304,8384,11456,161536,438848,420416,697152,0,896,7232,0,0,0,0,0,0,688768
2012,1117760,305664,182464,4224,2304,8320,11456,161280,442048,424000,693760,0,896,7040,0,0,0,0,0,0,685440
2013,1117376,307840,183168,4288,2304,8192,11456,160384,439744,422208,695168,0,896,6848,0,0,0,0,0,0,686976
2014,1117824,308288,183552,4160,2304,8384,11520,159744,439872,422208,695616,0,768,7168,0,0,0,0,0,0,687232
2015,1117888,306752,182912,4224,2176,8256,11200,160832,441536,423104,694784,0,832,6912,0,0,0,0,0,0,686528
2016,1117632,308864,182016,4288,2176,8320,11328,162304,438336,420224,697408,0,832,6976,0,0,0,0,0,0,689088
2017,1117824,308352,182912,4288,2176,8128,11072,159680,441216,422656,695168,0,896,6656,0,0,0,0,0,0,687040
2018,1117696,310592,182272,4224,2240,414592,11520,160576,31680,13568,1104128,0,896,6912,0,0,0,0,0,0,689536
2019,1117504,308288,184320,4160,2368,8320,11392,160768,437888,420096,697408,0,768,6976,0,0,0,0,0,0,689088
2020,1117888,306368,181312,4288,2432,8384,11392,160000,443712,425472,692416,0,960,6848,0,0,0,0,0,0,684032
2021,1117696,308160,187968,4224,2432,8384,11200,159680,435648,417088,700608,0,768,6976,0,0,0,0,0,0,692224
2022,1117504,308672,181504,4288,92736,8384,12928,160960,348032,329088,788416,0,1024,7680,0,0,0,0,0,0,780032
2023,1117952,306816,182848,4160,2368,8384,11520,160640,441216,423232,694720,0,896,7040,0,0,0,0,0,0,686336
2024,1117632,307520,183168,4224,4032,8448,11584,161856,436800,418688,698944,0,832,7168,0,0,0,0,0,0,690496
2025,1117696,309440,183424,4160,3840,8384,11520,161600,435328,416768,700928,0,896,7296,0,0,0,0,0,0,692544
2026,1117760,310720,181824,4288,3264,8192,11712,160640,437120,418816,698944,0,832,7360,0,0,0,0,0,0,690752
2027,1117824,309632,183424,4224,1344,8448,11328,161088,438336,419840,697984,0,896,6976,0,0,0,0,0,0,689536
2028,1117696,308864,184192,4160,1280,8384,11264,160256,439296,421056,696640,0,832,6976,0,0,0,0,0,0,688256
2029,1117824,307648,181504,4224,1344,8256,11200,161152,442496,424128,693696,0,832,6976,0,0,0,0,0,0,685440
2030,1117248,306944,183168,4224,1408,8192,11328,161536,440448,422528,694720,0,768,7168,0,0,0,0,0,0,686528
2031,1117248,310720,182720,4224,1280,8256,11264,160320,438464,420736,696512,0,896,6912,0,0,0,0,0,0,688256
2032,1118208,310400,182336,4224,1344,8192,11072,160640,440000,421376,696832,0,896,6848,0,0,0,0,0,0,688640
2033,1117888,306240,182976,4224,1472,403456,11072,160896,47552,28608,1089280,0,960,6976,0,0,0,0,0,0,685824
2034,1117504,309120,182144,4096,1280,8320,11008,160192,441344,422656,694848,0,832,6912,0,0,0,0,0,0,686528
2035,1117632,308864,183424,4352,1472,8384,11136,162112,437888,419520,698112,0,832,6848,0,0,0,0,0,0,689728
2036,1117632,309440,183808,4352,1344,8320,11008,160832,438528,420416,697216,0,896,6656,0,0,0,0,0,0,688896
2037,1118016,310528,182016,4224,1280,8256,11392,160000,440320,421952,696064,0,832,7040,0,0,0,0,0,0,687808
2038,1117440,310464,183616,4160,1408,8256,11456,160704,437376,419136,698304,0,768,7104,0,0,0,0,0,0,690048
