Wrote artifacts/performance/2026-10-05_fixed-hurtbox/pkdb-y2.csv
Tick-HUD buckets: target=smash64ds-p2-fourcpu-tickhud-hwtri samples=1960 frames=2..1961 melonDS=1.0 sha=DE80E46BDCF1FD98 git=dac7fea37d8+dirty(41) dldi=ON

bucket p50           p95           spread mean          min        max           %ALLp50
------ ---           ---           ------ ----          ---        ---           -------
ALL     1,116,800     1,677,184      1.50  1,230,588     1,110,976  4,583,680      100.0
FTR             0             0      0.00          0             0          0        0.0
STG             0             0      0.00          0             0          0        0.0
BG              0             0      0.00          0             0          0        0.0
AUD         4,544         7,744      1.70      5,019         3,648     27,648        0.4
HUD         8,704        22,016      2.53     10,349         7,744    650,880        0.8
SRC       325,120       666,496      2.05    374,557       146,752  1,152,832       29.1
MISC      407,616       750,976      1.84    461,371       177,600  3,317,632       36.5
OTHR      406,016       556,224      1.37    379,293        24,256    780,544       36.4
WAIT      384,384       534,080      1.39    357,585         3,904    760,384       34.4
WORK      764,800     1,439,936      1.88    869,057       353,088  4,248,704       68.5
SHDT      687,167     1,337,599      1.95    779,672       310,591  2,815,359       61.5
SWRM        1,280         1,408      1.10      1,288           832      3,136        0.1
GCRA      320,064       660,800      2.06    369,329       142,400  1,147,584       28.7
SCPU            0             0      0.00          0             0          0        0.0
SCAT            0             0      0.00          0             0          0        0.0
SPRM            0             0      0.00          0             0          0        0.0
SINT            0             0      0.00          0             0          0        0.0
SPHD            0             0      0.00          0             0          0        0.0
SPHC            0             0      0.00          0             0          0        0.0
MWPN            0             0      0.00          0             0          0        0.0
MITM            0             0      0.00          0             0          0        0.0
MEFX            0             0      0.00          0             0          0        0.0
MACT            0             0      0.00          0             0          0        0.0
MPRT            0             0      0.00          0             0          0        0.0
MTEX            0             0      0.00        257             0    290,816        0.0
MCAP            0             0      0.00          0             0          0        0.0
MPRO            0             0      0.00          0             0          0        0.0
MCAM      407,552       750,848      1.84    461,284       177,536  3,317,504       36.5
MFLS           64           128      2.00         87            64        320        0.0
GPOL          608           671      1.10        571            50        722        0.1
GVTX        1,546         1,735      1.12      1,464           167      1,874        0.1
DGSA   2,248,979,555 4,119,059,063        2,251,164,270  7,421,694 4,294,382,597 201,377.1
DGSB   2,207,775,904 4,085,272,777        2,191,862,890  1,598,036 4,290,041,406 197,687.7
WORK-H    755,200     1,419,136      1.88    858,708       345,216  3,597,824       67.6

named=851,296 (69.2% of ALL)  VBI 2:1611 3:310 4:36 5+:4 max:9 total:1961  slips=0
Wrote artifacts/performance/2026-10-05_fixed-hurtbox/pkdb-y2.json
