Wrote artifacts/performance/2026-10-05_fixed-hurtbox/gate-lk.csv
Tick-HUD buckets: target=smash64ds-p2-fourcpu-tickhud-hwtri samples=1960 frames=2..1961 melonDS=1.0 sha=DE80E46BDCF1FD98 git=dac7fea37d8+dirty(43) dldi=ON

bucket p50           p95           spread mean          min        max           %ALLp50
------ ---           ---           ------ ----          ---        ---           -------
ALL     1,116,864     1,676,736      1.50  1,151,995     1,112,064  4,528,192      100.0
FTR             0             0      0.00          0             0          0        0.0
STG             0             0      0.00          0             0          0        0.0
BG              0             0      0.00          0             0          0        0.0
AUD         4,480        10,368      2.31      5,617         2,432     28,352        0.4
HUD         9,344        24,256      2.60     11,274         7,872    614,016        0.8
SRC       367,424       567,040      1.54    377,009       134,080  1,207,424       32.9
MISC      405,568       558,016      1.38    415,639       177,728  3,319,296       36.3
OTHR      334,400       619,008      1.85    342,455        22,400    790,272       29.9
WAIT      311,040       592,064      1.90    320,054         2,496    769,920       27.8
WORK      817,536     1,126,400      1.38    828,047       343,488  4,199,360       73.2
SHDT      715,519     1,001,087      1.40    730,504       300,287  1,868,479       64.1
SWRM        1,344         1,472      1.10      1,375           960      3,584        0.1
GCRA      362,048       561,920      1.55    371,656       129,664  1,202,176       32.4
SCPU            0             0      0.00          0             0          0        0.0
SCAT            0             0      0.00          0             0          0        0.0
SPRM            0             0      0.00          0             0          0        0.0
SINT            0             0      0.00          0             0          0        0.0
SPHD            0             0      0.00          0             0          0        0.0
SPHC            0             0      0.00          0             0          0        0.0
MWPN            0             0      0.00          0             0          0        0.0
MITM            0             0      0.00          0             0          0        0.0
MEFX            0             0      0.00          0             0          0        0.0
MACT            0             0      0.00          0             0          0        0.0
MPRT            0             0      0.00          0             0          0        0.0
MTEX            0             0      0.00        362             0    650,560        0.0
MCAP            0             0      0.00          0             0          0        0.0
MPRO            0             0      0.00          0             0          0        0.0
MCAM      405,504       557,952      1.38    415,553       177,664  3,319,168       36.3
MFLS           64           128      2.00         85            64        128        0.0
GPOL          596           643      1.08        550            29        673        0.1
GVTX        1,439         1,567      1.09      1,346            96      1,652        0.1
DGSA   2,248,335,339 4,065,321,507        2,176,252,338    408,983 4,294,514,885 201,307.9
DGSB   2,239,784,444 4,083,387,236        2,189,176,867  1,230,618 4,293,852,712 200,542.3
WORK-H    807,296     1,113,984      1.38    816,773       334,720  3,585,344       72.3

named=809,539 (70.3% of ALL)  VBI 2:1848 3:106 4:6 5+:1 max:9 total:1961  slips=0
Wrote artifacts/performance/2026-10-05_fixed-hurtbox/gate-lk.json
