Wrote artifacts/performance/2026-10-05_fixed-hurtbox/gate-y.csv
Tick-HUD buckets: target=smash64ds-p2-fourcpu-tickhud-hwtri samples=1960 frames=2..1961 melonDS=1.0 sha=DE80E46BDCF1FD98 git=dac7fea37d8+dirty(41) dldi=ON

bucket p50           p95           spread mean          min        max           %ALLp50
------ ---           ---           ------ ----          ---        ---           -------
ALL     1,116,800     1,676,672      1.50  1,152,277     1,111,744  4,598,912      100.0
FTR             0             0      0.00          0             0          0        0.0
STG             0             0      0.00          0             0          0        0.0
BG              0             0      0.00          0             0          0        0.0
AUD         4,416        10,432      2.36      5,572         2,432     28,928        0.4
HUD         9,088        24,064      2.65     11,141         7,744    681,600        0.8
SRC       367,936       573,376      1.56    378,001       133,760  1,222,272       32.9
MISC      406,272       557,888      1.37    415,504       177,728  3,329,344       36.4
OTHR      333,568       617,792      1.85    342,059        24,000    790,720       29.9
WAIT      310,784       593,088      1.91    319,603         2,752    770,304       27.8
WORK      817,920     1,129,088      1.38    828,743       343,360  4,266,112       73.2
SHDT      715,775     1,002,047      1.40    731,347       299,455  1,859,647       64.1
SWRM        1,280         1,344      1.05      1,272           832      3,264        0.1
GCRA      362,688       568,192      1.57    372,734       129,344  1,216,576       32.5
SCPU            0             0      0.00          0             0          0        0.0
SCAT            0             0      0.00          0             0          0        0.0
SPRM            0             0      0.00          0             0          0        0.0
SINT            0             0      0.00          0             0          0        0.0
SPHD            0             0      0.00          0             0          0        0.0
SPHC            0             0      0.00          0             0          0        0.0
MWPN            0             0      0.00          0             0          0        0.0
MITM            0             0      0.00          0             0          0        0.0
MEFX            0             0      0.00          0             0          0        0.0
MACT            0             0      0.00          0             0          0        0.0
MPRT            0             0      0.00          0             0          0        0.0
MTEX            0             0      0.00        358             0    645,696        0.0
MCAP            0             0      0.00          0             0          0        0.0
MPRO            0             0      0.00          0             0          0        0.0
MCAM      406,208       557,824      1.37    415,415       177,664  3,329,216       36.4
MFLS           64           128      2.00         89            64        128        0.0
GPOL          597           643      1.08        550            29        672        0.1
GVTX        1,439         1,569      1.09      1,345            96      1,652        0.1
DGSA   2,248,335,339 4,065,321,507        2,176,252,338    408,983 4,294,514,885 201,319.4
DGSB   2,239,784,444 4,083,387,236        2,189,176,867  1,230,618 4,293,852,712 200,553.8
WORK-H    807,360     1,117,952      1.38    817,602       333,888  3,584,512       72.3

named=810,218 (70.3% of ALL)  VBI 2:1849 3:103 4:8 5+:1 max:9 total:1961  slips=0
Wrote artifacts/performance/2026-10-05_fixed-hurtbox/gate-y.json
