Wrote artifacts/performance/2026-10-04_cpu-30hz/gate-s2-ai1.csv
Tick-HUD buckets: target=smash64ds-p2-fourcpu-tickhud-hwtri samples=1960 frames=2..1961 melonDS=1.0 sha=DE80E46BDCF1FD98 git=5c4c43cc242+dirty(15) dldi=ON

bucket p50           p95           spread mean          min        max           %ALLp50
------ ---           ---           ------ ----          ---        ---           -------
ALL     1,116,800     1,677,056      1.50  1,185,213     1,112,256  4,716,928      100.0
FTR             0             0      0.00          0             0          0        0.0
STG             0             0      0.00          0             0          0        0.0
BG              0             0      0.00          0             0          0        0.0
AUD         5,248        11,200      2.13      5,925         2,432     29,952        0.5
HUD         9,344        24,192      2.59     11,395         8,256    827,520        0.8
SRC       380,096       606,464      1.60    396,736       148,480  1,097,152       34.0
MISC      435,840       616,832      1.42    449,667       195,008  3,275,392       39.0
OTHR      318,016       586,048      1.84    321,490        24,128    759,936       28.5
WAIT      295,808       559,744      1.89    298,827         1,792    738,880       26.5
WORK      857,984     1,248,384      1.46    882,406       374,784  4,382,848       76.8
SHDT            0             0      0.00          0             0          0        0.0
SWRM        1,472         1,536      1.04      1,464           832      3,840        0.1
GCRA      374,464       600,576      1.60    391,227       144,256  1,086,720       33.5
SCPU            0             0      0.00          0             0          0        0.0
SCAT            0             0      0.00          0             0          0        0.0
SPRM            0             0      0.00          0             0          0        0.0
SINT            0             0      0.00          0             0          0        0.0
SPHD            0             0      0.00          0             0          0        0.0
SPHC            0             0      0.00          0             0          0        0.0
MWPN            0             0      0.00          0             0          0        0.0
MITM            0             0      0.00          0             0          0        0.0
MEFX            0             0      0.00          0             0          0        0.0
MACT            0             0      0.00          0             0          0        0.0
MPRT            0             0      0.00          0             0          0        0.0
MTEX            0             0      0.00        937             0  1,401,600        0.0
MCAP            0             0      0.00          0             0          0        0.0
MPRO            0             0      0.00          0             0          0        0.0
MCAM      435,712       616,704      1.42    449,548       194,880  3,275,264       39.0
MFLS          128           128      1.00        119            64        320        0.0
GPOL          595           672      1.13        556            29        737        0.1
GVTX        1,411         1,577      1.12      1,323            96      1,761        0.1
DGSA   2,120,334,634 4,079,135,870   1.92 2,114,277,812  1,529,619 4,291,738,944 189,858.0
DGSB   2,134,864,752 4,085,019,767   1.91 2,125,124,368    318,444 4,293,063,130 191,159.1
WORK-H    847,424     1,238,656      1.46    871,011       365,440  3,555,328       75.9

named=863,723 (72.9% of ALL)  VBI 2:1736 3:215 4:9 5+:1 max:9 total:1961  slips=0
Wrote artifacts/performance/2026-10-04_cpu-30hz/gate-s2-ai1.json
