Wrote artifacts/performance/2026-10-04_cpu-30hz/gate-ai1.csv
Tick-HUD buckets: target=smash64ds-p2-fourcpu-tickhud-hwtri samples=1960 frames=2..1961 melonDS=1.0 sha=DE80E46BDCF1FD98 git=8be7015bb0b+dirty(15) dldi=ON

bucket p50           p95           spread    mean          min        max           %ALLp50
------ ---           ---           ------    ----          ---        ---           -------
ALL     1,116,928     1,677,248      1.50     1,194,223     1,111,552  4,746,176      100.0
FTR       138,368       220,480      1.59       146,775         9,856  1,273,600       12.4
STG       151,808       158,976      1.05       153,945       145,216  1,645,504       13.6
BG              0             0      0.00             0             0          0        0.0
AUD         5,248        11,136      2.12         5,926         2,368     29,696        0.5
HUD        13,888        32,768      2.36        17,148         8,000    755,136        1.2
SRC       386,560       616,832      1.60       402,513       147,776  1,148,800       34.6
MISC      151,936       290,368      1.91       161,790        54,912  1,720,896       13.6
OTHR      286,912       579,776      2.02       306,124        22,592    744,896       25.7
WAIT      263,360       556,992      2.11       283,517         1,984    724,480       23.6
WORK      891,264     1,246,464      1.40       910,705       392,128  4,418,368       79.8
SHDT            0             0      0.00             0             0          0        0.0
SWRM        1,408         1,536      1.09         1,429           896      3,648        0.1
GCRA      380,672       611,392      1.61       397,068       143,488  1,136,320       34.1
SCPU            0             0      0.00             0             0          0        0.0
SCAT            0             0      0.00             0             0          0        0.0
SPRM            0             0      0.00             0             0          0        0.0
SINT            0             0      0.00             0             0          0        0.0
SPHD            0             0      0.00             0             0          0        0.0
SPHC            0             0      0.00             0             0          0        0.0
MWPN            0        29,952    29,952.00      9,680             0    174,208        0.0
MITM       15,552        52,544      3.38        19,433             0    523,136        1.4
MEFX            0        76,480    76,480.00     13,910             0    331,072        0.0
MACT            0             0      0.00             0             0          0        0.0
MPRT       40,384        90,240      2.23        43,942        11,328    333,632        3.6
MTEX            0             0      0.00           864             0  1,414,528        0.0
MCAP            0             0      0.00             0             0          0        0.0
MPRO            0             0      0.00             0             0          0        0.0
MCAM       64,000       128,320      2.00        74,696        43,200  1,708,608        5.7
MFLS          128           128      1.00           129            64        448        0.0
GPOL          570           655      1.15           534            29        716        0.1
GVTX        1,373         1,576      1.15         1,300            96      1,753        0.1
DGSA   2,255,124,500 4,089,992,531           2,208,582,229    485,928 4,293,188,512 201,904.2
DGSB   2,274,134,594 4,061,877,265           2,220,713,374    821,155 4,291,976,381 203,606.2
WORK-H    875,712     1,224,768      1.40       893,557       383,424  3,663,232       78.4

named=888,097 (74.4% of ALL)  VBI 2:1712 3:234 4:12 5+:3 max:9 total:1961  slips=0
Wrote artifacts/performance/2026-10-04_cpu-30hz/gate-ai1.json
