Wrote artifacts/performance/2026-10-04_cpu-30hz/gate-s2-ai0.csv
Tick-HUD buckets: target=smash64ds-p2-fourcpu-tickhud-hwtri samples=1960 frames=2..1961 melonDS=1.0 sha=DE80E46BDCF1FD98 git=5c4c43cc242+dirty(15) dldi=ON

bucket p50           p95           spread mean          min        max           %ALLp50
------ ---           ---           ------ ----          ---        ---           -------
ALL     1,116,800     1,677,056      1.50  1,170,923     1,112,064  4,716,928      100.0
FTR             0             0      0.00          0             0          0        0.0
STG             0             0      0.00          0             0          0        0.0
BG              0             0      0.00          0             0          0        0.0
AUD         5,312        11,136      2.10      5,927         2,368     29,312        0.5
HUD         9,216        24,192      2.62     11,414         8,256    827,520        0.8
SRC       411,520       623,360      1.51    415,065       148,480    981,312       36.8
MISC      432,832       576,832      1.33    440,953       195,008  3,275,392       38.8
OTHR      274,432       586,176      2.14    297,562        24,512    759,936       24.6
WAIT      251,008       560,896      2.23    274,772         2,048    738,880       22.5
WORK      886,592     1,204,928      1.36    892,356       374,784  4,382,848       79.4
SHDT            0             0      0.00          0             0          0        0.0
SWRM        1,472         1,536      1.04      1,452           832      3,648        0.1
GCRA      406,016       617,536      1.52    409,580       144,256    972,032       36.4
SCPU            0             0      0.00          0             0          0        0.0
SCAT            0             0      0.00          0             0          0        0.0
SPRM            0             0      0.00          0             0          0        0.0
SINT            0             0      0.00          0             0          0        0.0
SPHD            0             0      0.00          0             0          0        0.0
SPHC            0             0      0.00          0             0          0        0.0
MWPN            0             0      0.00          0             0          0        0.0
MITM            0             0      0.00          0             0          0        0.0
MEFX            0             0      0.00          0             0          0        0.0
MACT            0             0      0.00          0             0          0        0.0
MPRT            0             0      0.00          0             0          0        0.0
MTEX            0             0      0.00        795             0  1,401,600        0.0
MCAP            0             0      0.00          0             0          0        0.0
MPRO            0             0      0.00          0             0          0        0.0
MCAM      432,704       576,704      1.33    440,835       194,880  3,275,264       38.7
MFLS          128           128      1.00        118            64        320        0.0
GPOL          563           645      1.15        527            29        698        0.1
GVTX        1,359         1,559      1.15      1,281            96      1,697        0.1
DGSA   2,047,635,395 4,064,757,565   1.99 2,073,979,608  1,631,568 4,291,847,715 183,348.4
DGSB   2,118,720,876 4,067,119,717   1.92 2,145,342,482  4,197,313 4,294,947,336 189,713.5
WORK-H    877,120     1,186,048      1.35    880,941       365,440  3,555,328       78.5

named=873,359 (74.6% of ALL)  VBI 2:1781 3:175 4:4 5+:1 max:9 total:1961  slips=0
Wrote artifacts/performance/2026-10-04_cpu-30hz/gate-s2-ai0.json
