Wrote artifacts/performance/2026-10-04_cpu-30hz/gate-ai0.csv
Tick-HUD buckets: target=smash64ds-p2-fourcpu-tickhud-hwtri samples=1960 frames=2..1961 melonDS=1.0 sha=DE80E46BDCF1FD98 git=8be7015bb0b+dirty(15) dldi=ON

bucket p50           p95           spread    mean          min        max           %ALLp50
------ ---           ---           ------    ----          ---        ---           -------
ALL     1,116,992     1,677,184      1.50     1,190,228     1,112,768  4,746,176      100.0
FTR       137,344       216,896      1.58       145,441         9,856  1,001,152       12.3
STG       151,424       158,720      1.05       153,323       145,216  1,645,504       13.6
BG              0             0      0.00             0             0          0        0.0
AUD         4,480        10,560      2.36         5,645         2,432     27,584        0.4
HUD        18,752        28,480      1.52        17,476         8,000    755,136        1.7
SRC       394,112       611,776      1.55       405,572       147,776  1,357,440       35.3
MISC      152,000       287,936      1.89       162,868        54,912  1,720,896       13.6
OTHR      278,336       577,792      2.08       299,903        24,448    744,896       24.9
WAIT      254,720       554,496      2.18       277,187         2,496    724,480       22.8
WORK      898,432     1,234,368      1.37       913,041       392,128  4,418,368       80.4
SHDT            0             0      0.00             0             0          0        0.0
SWRM        1,408         1,536      1.09         1,427           896      3,456        0.1
GCRA      388,672       606,208      1.56       400,138       143,488  1,352,064       34.8
SCPU            0             0      0.00             0             0          0        0.0
SCAT            0             0      0.00             0             0          0        0.0
SPRM            0             0      0.00             0             0          0        0.0
SINT            0             0      0.00             0             0          0        0.0
SPHD            0             0      0.00             0             0          0        0.0
SPHC            0             0      0.00             0             0          0        0.0
MWPN            0        28,608    28,608.00      7,910             0    201,536        0.0
MITM       40,256        63,680      1.58        27,948             0    160,384        3.6
MEFX            0        75,456    75,456.00     11,902             0    325,824        0.0
MACT            0             0      0.00             0             0          0        0.0
MPRT       36,288        72,064      1.99        38,643        11,328    245,440        3.2
MTEX            0             0      0.00           766             0  1,414,528        0.0
MCAP            0             0      0.00             0             0          0        0.0
MPRO            0             0      0.00             0             0          0        0.0
MCAM       62,464       133,952      2.14        76,337        43,200  1,708,608        5.6
MFLS          128           128      1.00           128            64        256        0.0
GPOL          597           643      1.08           551            29        675        0.1
GVTX        1,439         1,569      1.09         1,346            96      1,660        0.1
DGSA   2,221,927,571 4,052,476,767           2,144,070,467    408,983 4,294,514,885 198,920.6
DGSB   2,229,679,774 4,052,096,565           2,163,259,781    888,730 4,293,852,712 199,614.7
WORK-H    881,664     1,213,632      1.38       895,565       383,424  3,663,232       78.9

named=890,325 (74.8% of ALL)  VBI 2:1723 3:223 4:14 5+:1 max:9 total:1961  slips=0
Wrote artifacts/performance/2026-10-04_cpu-30hz/gate-ai0.json
