Wrote artifacts/performance/2026-10-04_exact-f32/gate-xf1.csv
Tick-HUD buckets: target=smash64ds-p2-fourcpu-tickhud-hwtri samples=1960 frames=2..1961 melonDS=1.0 sha=DE80E46BDCF1FD98 git=c992a64c7e6+dirty(19) dldi=ON

bucket p50           p95           spread mean          min        max           %ALLp50
------ ---           ---           ------ ----          ---        ---           -------
ALL     1,116,928     1,677,248      1.50  1,219,280     1,114,048  4,614,144      100.0
FTR       137,088       216,704      1.58    145,440         9,536    998,144       12.3
STG       152,896       160,192      1.05    154,747       145,344  1,655,296       13.7
BG              0             0      0.00          0             0          0        0.0
AUD         4,288        10,432      2.43      5,475         2,304     26,624        0.4
HUD        18,816        35,008      1.86     18,600         7,936    599,040        1.7
SRC       409,088       650,048      1.59    419,417       147,712  1,318,144       36.6
MISC      168,768       316,096      1.87    178,184        57,216  1,739,392       15.1
OTHR      269,888       579,648      2.15    297,418        24,000    742,720       24.2
WAIT      247,232       555,264      2.25    274,512         1,792    721,728       22.1
WORK      932,928     1,316,608      1.41    944,769       395,136  4,291,520       83.5
SHDT            0             0      0.00          0             0          0        0.0
SWRM        1,280         1,408      1.10      1,303           832      3,264        0.1
GCRA      403,840       644,864      1.60    414,161       143,424  1,312,960       36.2
SCPU            0             0      0.00          0             0          0        0.0
SCAT            0             0      0.00          0             0          0        0.0
SPRM            0             0      0.00          0             0          0        0.0
SINT            0             0      0.00          0             0          0        0.0
SPHD            0             0      0.00          0             0          0        0.0
SPHC            0             0      0.00          0             0          0        0.0
MWPN          128        29,376    229.50      8,168             0    201,472        0.0
MITM       56,128        81,856      1.46     37,556             0    159,360        5.0
MEFX          256        77,056    301.00     12,288             0    329,344        0.0
MACT           64           128      2.00         49             0        320        0.0
MPRT       36,736        73,664      2.01     39,450        11,968    255,104        3.3
MTEX            0             0      0.00        764             0  1,410,240        0.0
MCAP            0             0      0.00          0             0          0        0.0
MPRO            0             0      0.00          0             0          0        0.0
MCAM       66,048       139,072      2.11     80,564        44,928  1,726,656        5.9
MFLS          128           128      1.00        109            64        256        0.0
GPOL          597           643      1.08        551            29        675        0.1
GVTX        1,439         1,569      1.09      1,346            96      1,660        0.1
DGSA   2,221,927,571 4,052,476,767        2,144,070,467    408,983 4,294,514,885 198,932.0
DGSB   2,229,679,774 4,052,096,565        2,163,259,781    888,730 4,293,852,712 199,626.1
WORK-H    914,752     1,292,288      1.41    926,168       385,536  3,692,480       81.9

named=921,863 (75.6% of ALL)  VBI 2:1624 3:319 4:17 5+:1 max:9 total:1961  slips=0
Wrote artifacts/performance/2026-10-04_exact-f32/gate-xf1.json
