Wrote artifacts/performance/2026-10-05_ramp-defer/gate-o0.csv
Tick-HUD buckets: target=smash64ds-p2-fourcpu-tickhud-hwtri samples=1960 frames=2..1961 melonDS=1.0 sha=DE80E46BDCF1FD98 git=8485fc0749e+dirty(37) dldi=ON

bucket p50           p95           spread mean          min        max           %ALLp50
------ ---           ---           ------ ----          ---        ---           -------
ALL     1,116,800     1,675,904      1.50  1,148,704     1,110,144  4,301,632      100.0
FTR             0             0      0.00          0             0          0        0.0
STG             0             0      0.00          0             0          0        0.0
BG              0             0      0.00          0             0          0        0.0
AUD         4,352        10,688      2.46      5,538         2,176     29,120        0.4
HUD         9,152        24,384      2.66     11,082         7,808    437,888        0.8
SRC       364,800       565,568      1.55    374,614       133,824  1,318,528       32.7
MISC      397,760       553,536      1.39    408,161       172,032  3,287,936       35.6
OTHR      344,000       625,792      1.82    349,308        22,912    794,944       30.8
WAIT      321,216       600,320      1.87    326,983         2,880    774,272       28.8
WORK      806,080     1,112,896      1.38    817,813       339,072  3,973,440       72.2
SHDT            0             0      0.00          0             0          0        0.0
SWRM        1,408         1,472      1.05      1,386           960      3,520        0.1
GCRA      359,488       556,352      1.55    369,278       129,408  1,313,280       32.2
SCPU            0             0      0.00          0             0          0        0.0
SCAT            0             0      0.00          0             0          0        0.0
SPRM            0             0      0.00          0             0          0        0.0
SINT            0             0      0.00          0             0          0        0.0
SPHD            0             0      0.00          0             0          0        0.0
SPHC            0             0      0.00          0             0          0        0.0
MWPN            0             0      0.00          0             0          0        0.0
MITM            0             0      0.00          0             0          0        0.0
MEFX            0             0      0.00          0             0          0        0.0
MACT            0             0      0.00          0             0          0        0.0
MPRT            0             0      0.00          0             0          0        0.0
MTEX            0             0      0.00        355             0    638,016        0.0
MCAP            0             0      0.00          0             0          0        0.0
MPRO            0             0      0.00          0             0          0        0.0
MCAM      397,632       553,472      1.39    408,055       171,904  3,287,808       35.6
MFLS          128           128      1.00        106            64        192        0.0
GPOL          597           643      1.08        550            29        675        0.1
GVTX        1,439         1,569      1.09      1,346            96      1,657        0.1
DGSA   2,248,335,339 4,065,321,507        2,176,252,338    408,983 4,294,514,885 201,319.4
DGSB   2,239,784,444 4,083,387,236        2,189,176,867  1,230,618 4,293,852,712 200,553.8
WORK-H    795,712     1,099,840      1.38    806,731       330,048  3,535,552       71.2

named=799,395 (69.6% of ALL)  VBI 2:1860 3:93 4:7 5+:1 max:8 total:1961  slips=0
Wrote artifacts/performance/2026-10-05_ramp-defer/gate-o0.json
