Wrote artifacts/performance/2026-10-05_itcm-pack6/gate-u2.csv
Tick-HUD buckets: target=smash64ds-p2-fourcpu-tickhud-hwtri samples=1960 frames=2..1961 melonDS=1.0 sha=DE80E46BDCF1FD98 git=d63999bfcb8+dirty(31) dldi=ON

bucket p50           p95           spread mean          min        max           %ALLp50
------ ---           ---           ------ ----          ---        ---           -------
ALL     1,116,800     1,676,096      1.50  1,149,479     1,111,296  4,726,336      100.0
FTR             0             0      0.00          0             0          0        0.0
STG             0             0      0.00          0             0          0        0.0
BG              0             0      0.00          0             0          0        0.0
AUD         4,416        10,304      2.33      5,534         2,368     28,096        0.4
HUD         9,088        23,872      2.63     11,207         7,808    836,672        0.8
SRC       365,952       567,424      1.55    375,840       133,760  1,303,680       32.8
MISC      404,480       554,112      1.37    413,408       176,960  3,302,272       36.2
OTHR      336,448       621,760      1.85    343,489        24,896    791,744       30.1
WAIT      313,216       596,800      1.91    321,059         3,200    771,264       28.0
WORK      813,824     1,118,784      1.37    824,540       342,144  4,390,784       72.9
SHDT            0             0      0.00          0             0          0        0.0
SWRM        1,344         1,472      1.10      1,375           960      3,456        0.1
GCRA      360,320       561,856      1.56    370,248       129,088  1,298,176       32.3
SCPU            0             0      0.00          0             0          0        0.0
SCAT            0             0      0.00          0             0          0        0.0
SPRM            0             0      0.00          0             0          0        0.0
SINT            0             0      0.00          0             0          0        0.0
SPHD            0             0      0.00          0             0          0        0.0
SPHC            0             0      0.00          0             0          0        0.0
MWPN            0             0      0.00          0             0          0        0.0
MITM            0             0      0.00          0             0          0        0.0
MEFX            0             0      0.00          0             0          0        0.0
MACT            0             0      0.00          0             0          0        0.0
MPRT            0             0      0.00          0             0          0        0.0
MTEX            0             0      0.00        358             0    645,056        0.0
MCAP            0             0      0.00          0             0          0        0.0
MPRO            0             0      0.00          0             0          0        0.0
MCAM      404,416       554,048      1.37    413,325       176,896  3,302,144       36.2
MFLS           64           128      2.00         84            64        128        0.0
GPOL          597           643      1.08        550            29        672        0.1
GVTX        1,439         1,569      1.09      1,346            96      1,652        0.1
DGSA   2,248,335,339 4,065,321,507        2,176,252,338    408,983 4,294,514,885 201,319.4
DGSB   2,239,784,444 4,083,387,236        2,189,176,867  1,230,618 4,293,852,712 200,553.8
WORK-H    804,096     1,099,200      1.37    813,333       332,800  3,554,112       72.0

named=805,989 (70.1% of ALL)  VBI 2:1858 3:95 4:7 5+:1 max:9 total:1961  slips=0
Wrote artifacts/performance/2026-10-05_itcm-pack6/gate-u2.json
