Wrote artifacts/performance/2026-10-05_itcm-pack6/gate-v2.csv
Tick-HUD buckets: target=smash64ds-p2-fourcpu-tickhud-hwtri samples=1960 frames=2..1961 melonDS=1.0 sha=DE80E46BDCF1FD98 git=d63999bfcb8+dirty(31) dldi=ON

bucket p50           p95           spread mean          min        max           %ALLp50
------ ---           ---           ------ ----          ---        ---           -------
ALL     1,116,736     1,676,096      1.50  1,149,437     1,111,232  4,719,616      100.0
FTR             0             0      0.00          0             0          0        0.0
STG             0             0      0.00          0             0          0        0.0
BG              0             0      0.00          0             0          0        0.0
AUD         4,480        10,432      2.33      5,606         2,432     27,200        0.4
HUD         9,216        24,192      2.62     11,373         8,064    843,264        0.8
SRC       364,672       565,760      1.55    374,392       133,184  1,306,752       32.7
MISC      404,224       554,112      1.37    413,181       175,936  3,297,088       36.2
OTHR      338,752       621,440      1.83    344,885        24,960    792,576       30.3
WAIT      315,456       596,544      1.89    322,566         2,816    772,224       28.2
WORK      812,032     1,116,864      1.38    822,963       341,312  4,384,000       72.7
SHDT            0             0      0.00          0             0          0        0.0
SWRM        1,472         1,536      1.04      1,448           960      3,840        0.1
GCRA      359,232       559,488      1.56    368,903       128,704  1,301,248       32.2
SCPU            0             0      0.00          0             0          0        0.0
SCAT            0             0      0.00          0             0          0        0.0
SPRM            0             0      0.00          0             0          0        0.0
SINT            0             0      0.00          0             0          0        0.0
SPHD            0             0      0.00          0             0          0        0.0
SPHC            0             0      0.00          0             0          0        0.0
MWPN            0             0      0.00          0             0          0        0.0
MITM            0             0      0.00          0             0          0        0.0
MEFX            0             0      0.00          0             0          0        0.0
MACT            0             0      0.00          0             0          0        0.0
MPRT            0             0      0.00          0             0          0        0.0
MTEX            0             0      0.00        362             0    650,880        0.0
MCAP            0             0      0.00          0             0          0        0.0
MPRO            0             0      0.00          0             0          0        0.0
MCAM      404,096       553,984      1.37    413,063       175,872  3,296,960       36.2
MFLS          128           128      1.00        117            64        192        0.0
GPOL          597           643      1.08        550            29        672        0.1
GVTX        1,439         1,569      1.09      1,346            96      1,652        0.1
DGSA   2,248,335,339 4,065,321,507        2,176,252,338    408,983 4,294,514,885 201,331.0
DGSB   2,239,784,444 4,083,387,236        2,189,176,867  1,230,618 4,293,852,712 200,565.3
WORK-H    802,176     1,097,280      1.37    811,589       332,672  3,540,736       71.8

named=804,552 (70.0% of ALL)  VBI 2:1858 3:95 4:7 5+:1 max:9 total:1961  slips=0
Wrote artifacts/performance/2026-10-05_itcm-pack6/gate-v2.json
