control rank -> control WORK-H, delta(t1-t0), frame
   1    1,844,928     +1,152 1709
   2    1,822,592     +1,856 830
   3    1,757,824     -3,520 928
   4    1,749,376     -1,152 1449
   5    1,749,376    -11,392 1625
   6    1,712,064     -4,160 1015
   7    1,699,776       +704 456
   8    1,633,984     -8,768 1886
   9    1,609,408   +114,688 1500
  10    1,578,944     -3,136 1186
  11    1,556,992     -1,920 1655
  12    1,546,240   -134,144 996
  13    1,542,976     -7,808 1930
  14    1,522,048     -6,592 904
 ...
  20    1,464,384     -7,296 450
  40    1,338,048    -10,304 1934
  60    1,275,712    -11,264 451
  80    1,216,064     -2,304 1448
 100    1,175,936       -384 1383
 120    1,149,120     -4,864 1611
 160    1,119,488     -4,544 1923
 200    1,090,816   -134,080 957
 400    1,014,784     -2,368 460
 800      942,080     -5,504 1183
1200      892,224       -320 1990
1600      670,336       +384 2007

control ranks 1-40: paired median -3,264  mean -3,084  worse 7/40
control ranks 41-120: paired median -3,968  mean -1,855  worse 12/80
control ranks 1-80: paired median -3,456  mean -580  worse 12/80
control ranks 81-240: paired median -4,416  mean -13,195  worse 15/160
control ranks 121-400: paired median -4,416  mean -9,997  worse 24/280

OWN-RANK comparison (each arm sorted on its own):
  rank  20: t0    1,464,384  t1    1,457,088      -7,296
  rank  40: t0    1,338,048  t1    1,330,944      -7,104
  rank  60: t0    1,275,712  t1    1,283,520      +7,808
  rank  80: t0    1,216,064  t1    1,222,976      +6,912
  rank 100: t0    1,175,936  t1    1,175,552        -384
  rank 120: t0    1,149,120  t1    1,148,992        -128
  rank 160: t0    1,119,488  t1    1,118,912        -576
  rank 240: t0    1,067,968  t1    1,064,064      -3,904
  rank 400: t0    1,014,784  t1    1,010,048      -4,736
  rank 800: t0      942,080  t1      937,920      -4,160
