Wrote artifacts/performance/2026-10-05_halo-first/nb0-g1.csv
Tick-HUD buckets: target=smash64ds-p2-fourcpu-tickhud-hwtri samples=1960 frames=2..1961 melonDS=1.0 sha=DE80E46BDCF1FD98 git=7645c45e2da+dirty(31) dldi=ON

bucket p50           p95           spread mean          min        max           %ALLp50
------ ---           ---           ------ ----          ---        ---           -------
ALL     1,116,864     1,677,504      1.50  1,222,631     1,111,872 16,915,008      100.0
FTR             0             0      0.00          0             0          0        0.0
STG             0             0      0.00          0             0          0        0.0
BG              0             0      0.00          0             0          0        0.0
AUD         4,416         9,984      2.26      5,465         2,432     31,232        0.4
HUD         8,896        24,320      2.73     11,051         8,000    481,664        0.8
SRC       450,944       648,960      1.44    457,861       160,128  1,146,816       40.4
MISC      439,936       641,984      1.46    465,643       173,824 15,875,584       39.4
OTHR      261,824       571,200      2.18    282,611        23,296    767,744       23.4
WAIT      240,960       549,312      2.28    260,806         2,304    748,032       21.6
WORK      932,736     1,304,256      1.40    958,088       365,504 16,578,752       83.5
SHDT            0             0      0.00          0             0          0        0.0
SWRM        1,280         1,344      1.05      1,299           896      3,264        0.1
GCRA      445,632       643,712      1.44    452,578       155,584  1,141,440       39.9
SCPU            0             0      0.00          0             0          0        0.0
SCAT            0             0      0.00          0             0          0        0.0
SPRM            0             0      0.00          0             0          0        0.0
SINT            0             0      0.00          0             0          0        0.0
SPHD            0             0      0.00          0             0          0        0.0
SPHC            0             0      0.00          0             0          0        0.0
MWPN            0             0      0.00          0             0          0        0.0
MITM            0             0      0.00          0             0          0        0.0
MEFX            0             0      0.00          0             0          0        0.0
MACT            0             0      0.00          0             0          0        0.0
MPRT            0             0      0.00          0             0          0        0.0
MTEX            0             0      0.00        578             0  1,049,216        0.0
MCAP            0             0      0.00          0             0          0        0.0
MPRO            0             0      0.00          0             0          0        0.0
MCAM      439,808       641,856      1.46    465,515       173,696 15,875,456       39.4
MFLS          128           128      1.00        128            64        192        0.0
GPOL          482           577      1.20        469            47        621        0.0
GVTX        1,088         1,360      1.25      1,079           157      1,485        0.1
DGSA   2,156,708,599 4,108,563,968        2,140,450,557  2,648,577 4,292,117,025 193,104.0
DGSB   2,220,675,919 4,066,019,029        2,159,419,385    168,676 4,294,574,852 198,831.4
WORK-H    923,072     1,290,496      1.40    947,037       357,504 16,097,088       82.6

named=940,020 (76.9% of ALL)  VBI 2:1642 3:297 4:18 5+:4 max:34 total:1961  slips=0
Wrote artifacts/performance/2026-10-05_halo-first/nb0-g1.json
