Wrote artifacts/performance/2026-10-05_clean-sweep/k1-g1.csv
Tick-HUD buckets: target=smash64ds-p2-fourcpu-tickhud-hwtri samples=1960 frames=2..1961 melonDS=1.0 sha=DE80E46BDCF1FD98 git=44d6775c69a+dirty(34) dldi=ON

bucket p50           p95           spread mean          min        max           %ALLp50
------ ---           ---           ------ ----          ---        ---           -------
ALL     1,116,864     1,677,632      1.50  1,219,145     1,110,720 16,817,024      100.0
FTR             0             0      0.00          0             0          0        0.0
STG             0             0      0.00          0             0          0        0.0
BG              0             0      0.00          0             0          0        0.0
AUD         4,480        10,112      2.26      5,526         2,432     31,104        0.4
HUD         8,832        24,256      2.75     10,929         7,872    408,512        0.8
SRC       452,352       652,800      1.44    458,608       161,280  1,158,208       40.5
MISC      438,016       622,464      1.42    461,970       174,016 15,848,832       39.2
OTHR      261,440       569,856      2.18    282,111        22,784    766,912       23.4
WAIT      240,320       548,352      2.28    260,330         2,496    747,456       21.5
WORK      931,584     1,278,016      1.37    955,094       365,632 16,478,720       83.4
SHDT            0             0      0.00          0             0          0        0.0
SWRM        1,280         1,344      1.05      1,289           896      3,264        0.1
GCRA      447,104       647,040      1.45    453,331       156,672  1,153,088       40.0
SCPU            0             0      0.00          0             0          0        0.0
SCAT            0             0      0.00          0             0          0        0.0
SPRM            0             0      0.00          0             0          0        0.0
SINT            0             0      0.00          0             0          0        0.0
SPHD            0             0      0.00          0             0          0        0.0
SPHC            0             0      0.00          0             0          0        0.0
MWPN            0             0      0.00          0             0          0        0.0
MITM            0             0      0.00          0             0          0        0.0
MEFX            0             0      0.00          0             0          0        0.0
MACT            0             0      0.00          0             0          0        0.0
MPRT            0             0      0.00          0             0          0        0.0
MTEX            0             0      0.00        569             0  1,033,728        0.0
MCAP            0             0      0.00          0             0          0        0.0
MPRO            0             0      0.00          0             0          0        0.0
MCAM      437,888       622,336      1.42    461,838       173,888 15,848,640       39.2
MFLS          128           192      1.50        133            64        192        0.0
GPOL          482           577      1.20        469            47        621        0.0
GVTX        1,088         1,360      1.25      1,079           157      1,485        0.1
DGSA   2,156,708,599 4,108,563,968        2,140,450,557  2,648,577 4,292,117,025 193,104.0
DGSB   2,220,675,919 4,066,019,029        2,159,419,385    168,676 4,294,574,852 198,831.4
WORK-H    922,496     1,268,800      1.38    944,165       357,312 16,070,208       82.6

named=937,033 (76.9% of ALL)  VBI 2:1651 3:290 4:17 5+:3 max:34 total:1961  slips=0
Wrote artifacts/performance/2026-10-05_clean-sweep/k1-g1.json
