Wrote artifacts/performance/2026-10-05_clean-sweep/k1-g2.csv
Tick-HUD buckets: target=smash64ds-p2-fourcpu-tickhud-hwtri samples=1960 frames=2..1961 melonDS=1.0 sha=DE80E46BDCF1FD98 git=44d6775c69a+dirty(34) dldi=ON

bucket p50           p95           spread mean          min        max           %ALLp50
------ ---           ---           ------ ----          ---        ---           -------
ALL     1,116,864     1,677,568      1.50  1,213,310     1,112,064 18,264,256      100.0
FTR             0             0      0.00          0             0          0        0.0
STG             0             0      0.00          0             0          0        0.0
BG              0             0      0.00          0             0          0        0.0
AUD         4,992        10,432      2.09      5,734         2,432     27,136        0.4
HUD         9,152        24,000      2.62     11,480         8,000    398,016        0.8
SRC       407,936       648,832      1.59    416,916       140,352  1,179,584       36.5
MISC      466,688       633,152      1.36    474,945       185,280 17,330,176       41.8
OTHR      275,456       604,032      2.19    304,234        21,632    777,152       24.7
WAIT      253,376       580,224      2.29    282,565         2,112    756,992       22.7
WORK      913,280     1,280,832      1.40    926,790       356,352 17,926,976       81.8
SHDT            0             0      0.00          0             0          0        0.0
SWRM        1,280         1,408      1.10      1,300           896      3,200        0.1
GCRA      402,688       643,840      1.60    411,568       135,680  1,174,336       36.1
SCPU            0             0      0.00          0             0          0        0.0
SCAT            0             0      0.00          0             0          0        0.0
SPRM            0             0      0.00          0             0          0        0.0
SINT            0             0      0.00          0             0          0        0.0
SPHD            0             0      0.00          0             0          0        0.0
SPHC            0             0      0.00          0             0          0        0.0
MWPN            0             0      0.00          0             0          0        0.0
MITM            0             0      0.00          0             0          0        0.0
MEFX            0             0      0.00          0             0          0        0.0
MACT            0             0      0.00          0             0          0        0.0
MPRT            0             0      0.00          0             0          0        0.0
MTEX            0             0      0.00        588             0  1,010,944        0.0
MCAP            0             0      0.00          0             0          0        0.0
MPRO            0             0      0.00          0             0          0        0.0
MCAM      466,560       633,024      1.36    474,812       185,152 17,330,048       41.8
MFLS          128           192      1.50        133            64        576        0.0
GPOL          562           655      1.17        530            51        723        0.1
GVTX        1,347         1,556      1.16      1,274           175      1,743        0.1
DGSA   2,171,201,471 4,069,725,545        2,131,774,420    226,229 4,293,447,369 194,401.6
DGSB   2,223,267,474 4,055,368,550        2,158,968,673    319,904 4,294,070,849 199,063.4
WORK-H    902,656     1,269,824      1.41    915,310       347,072 17,528,960       80.8

named=909,075 (74.9% of ALL)  VBI 2:1667 3:280 4:12 5+:2 max:37 total:1961  slips=0
Wrote artifacts/performance/2026-10-05_clean-sweep/k1-g2.json
