Wrote artifacts/performance/2026-10-05_clean-sweep/k1-g8.csv
Tick-HUD buckets: target=smash64ds-p2-fourcpu-tickhud-hwtri samples=1960 frames=2..1961 melonDS=1.0 sha=DE80E46BDCF1FD98 git=44d6775c69a+dirty(34) dldi=ON

bucket p50           p95           spread mean          min        max           %ALLp50
------ ---           ---           ------ ----          ---        ---           -------
ALL     1,116,864     1,677,376      1.50  1,190,227     1,114,240 12,222,784      100.0
FTR             0             0      0.00          0             0          0        0.0
STG             0             0      0.00          0             0          0        0.0
BG              0             0      0.00          0             0          0        0.0
AUD         4,736        10,560      2.23      5,737         2,432     30,016        0.4
HUD         9,664        24,320      2.52     12,048         8,448    676,928        0.9
SRC       430,528       631,360      1.47    438,394       143,872  1,100,352       38.5
MISC      458,368       583,488      1.27    476,091       235,712 11,005,696       41.0
OTHR      234,688       561,152      2.39    257,958        22,144    722,240       21.0
WAIT      212,352       538,368      2.54    236,459         2,304    702,336       19.0
WORK      936,448     1,218,560      1.30    949,281       410,496 11,883,584       83.8
SHDT            0             0      0.00          0             0          0        0.0
SWRM        1,280         1,408      1.10      1,311           960      3,264        0.1
GCRA      425,280       625,856      1.47    433,027       139,136  1,090,944       38.1
SCPU            0             0      0.00          0             0          0        0.0
SCAT            0             0      0.00          0             0          0        0.0
SPRM            0             0      0.00          0             0          0        0.0
SINT            0             0      0.00          0             0          0        0.0
SPHD            0             0      0.00          0             0          0        0.0
SPHC            0             0      0.00          0             0          0        0.0
MWPN            0             0      0.00          0             0          0        0.0
MITM            0             0      0.00          0             0          0        0.0
MEFX            0             0      0.00          0             0          0        0.0
MACT            0             0      0.00          0             0          0        0.0
MPRT            0             0      0.00          0             0          0        0.0
MTEX            0             0      0.00        646             0  1,148,480        0.0
MCAP            0             0      0.00          0             0          0        0.0
MPRO            0             0      0.00          0             0          0        0.0
MCAM      458,240       583,360      1.27    475,957       235,584 11,005,568       41.0
MFLS          128           192      1.50        133            64        256        0.0
GPOL          493           583      1.18        457           108        644        0.0
GVTX        1,143         1,386      1.21      1,088           352      1,559        0.1
DGSA   2,214,262,814 4,066,907,822        2,157,585,562  5,032,625 4,290,499,904 198,257.2
DGSB   2,165,373,534 4,060,433,163        2,149,789,526  4,659,048 4,294,932,140 193,879.8
WORK-H    924,928     1,204,864      1.30    937,233       401,728 11,206,656       82.8

named=932,270 (78.3% of ALL)  VBI 2:1738 3:207 4:14 5+:2 max:26 total:1961  slips=0
Wrote artifacts/performance/2026-10-05_clean-sweep/k1-g8.json
