Wrote artifacts/performance/2026-10-05_clean-sweep/k1-g0.csv
Tick-HUD buckets: target=smash64ds-p2-fourcpu-tickhud-hwtri samples=1960 frames=2..1961 melonDS=1.0 sha=DE80E46BDCF1FD98 git=44d6775c69a+dirty(34) dldi=ON

bucket p50           p95           spread mean          min        max           %ALLp50
------ ---           ---           ------ ----          ---        ---           -------
ALL     1,116,864     1,677,248      1.50  1,180,977     1,111,936 10,628,544      100.0
FTR             0             0      0.00          0             0          0        0.0
STG             0             0      0.00          0             0          0        0.0
BG              0             0      0.00          0             0          0        0.0
AUD         5,120        11,200      2.19      5,886         2,432     31,296        0.5
HUD         9,216        24,064      2.61     11,427         8,384    341,696        0.8
SRC       452,928       670,016      1.48    458,489       152,768  1,301,504       40.6
MISC      385,600       545,216      1.41    406,505       139,072  9,737,088       34.5
OTHR      273,728       555,520      2.03    298,670        21,632    810,432       24.5
WAIT      252,352       532,800      2.11    276,594         2,240    790,464       22.6
WORK      888,000     1,206,272      1.36    900,282       322,496 10,289,664       79.5
SHDT            0             0      0.00          0             0          0        0.0
SWRM        1,280         1,408      1.10      1,302           896      3,392        0.1
GCRA      447,552       664,512      1.48    453,118       148,032  1,291,520       40.1
SCPU            0             0      0.00          0             0          0        0.0
SCAT            0             0      0.00          0             0          0        0.0
SPRM            0             0      0.00          0             0          0        0.0
SINT            0             0      0.00          0             0          0        0.0
SPHD            0             0      0.00          0             0          0        0.0
SPHC            0             0      0.00          0             0          0        0.0
MWPN            0             0      0.00          0             0          0        0.0
MITM            0             0      0.00          0             0          0        0.0
MEFX            0             0      0.00          0             0          0        0.0
MACT            0             0      0.00          0             0          0        0.0
MPRT            0             0      0.00          0             0          0        0.0
MTEX            0             0      0.00        593             0  1,019,072        0.0
MCAP            0             0      0.00          0             0          0        0.0
MPRO            0             0      0.00          0             0          0        0.0
MCAM      385,472       545,024      1.41    406,372       138,944  9,736,896       34.5
MFLS          128           192      1.50        133            64        256        0.0
GPOL          500           574      1.15        482            68        616        0.0
GVTX        1,142         1,319      1.15      1,112           214      1,459        0.1
DGSA   2,160,841,017 4,062,438,041        2,163,992,456    416,481 4,292,697,209 193,474.0
DGSB   2,170,468,014 4,035,591,753        2,154,668,214  3,941,764 4,293,364,870 194,335.9
WORK-H    877,056     1,196,416      1.36    888,855       313,920  9,947,968       78.5

named=882,307 (74.7% of ALL)  VBI 2:1778 3:168 4:10 5+:5 max:23 total:1961  slips=0
Wrote artifacts/performance/2026-10-05_clean-sweep/k1-g0.json
