Wrote artifacts/performance/2026-10-06_itcm-pack7/yo-q17.csv
Tick-HUD buckets: target=smash64ds-p2-fourcpu-tickhud-hwtri samples=1960 frames=2..1961 melonDS=1.0 sha=DE80E46BDCF1FD98 git=2736c95960e+dirty(31) dldi=ON

bucket p50           p95           spread mean          min        max           %ALLp50
------ ---           ---           ------ ----          ---        ---           -------
ALL     1,116,736     1,676,992      1.50  1,187,986     1,112,064  4,718,720      100.0
FTR             0             0      0.00          0             0          0        0.0
STG             0             0      0.00          0             0          0        0.0
BG              0             0      0.00          0             0          0        0.0
AUD         4,864         9,792      2.01      5,540         2,304     26,688        0.4
HUD         9,280        24,640      2.66     11,605         7,872    799,936        0.8
SRC       381,824       614,080      1.61    396,786       133,248  1,062,272       34.2
MISC      439,616       679,488      1.55    453,701       174,272  3,304,384       39.4
OTHR      303,232       598,976      1.98    320,354        23,168    797,504       27.2
WAIT      282,944       575,040      2.03    299,023         2,240    777,856       25.3
WORK      875,136     1,239,552      1.42    884,992       335,744  4,382,656       78.4
SHDT      772,415     1,132,159      1.47    788,890       293,695  2,328,767       69.2
SWRM        1,344         1,408      1.05      1,360           832      3,456        0.1
GCRA      376,640       608,768      1.62    391,366       128,768  1,052,672       33.7
SCPU            0             0      0.00          0             0          0        0.0
SCAT            0             0      0.00          0             0          0        0.0
SPRM            0             0      0.00          0             0          0        0.0
SINT            0             0      0.00          0             0          0        0.0
SPHD            0             0      0.00          0             0          0        0.0
SPHC            0             0      0.00          0             0          0        0.0
MWPN            0             0      0.00          0             0          0        0.0
MITM            0             0      0.00          0             0          0        0.0
MEFX            0             0      0.00          0             0          0        0.0
MACT            0             0      0.00          0             0          0        0.0
MPRT            0             0      0.00          0             0          0        0.0
MTEX            0             0      0.00        276             0    276,416        0.0
MCAP            0             0      0.00          0             0          0        0.0
MPRO            0             0      0.00          0             0          0        0.0
MCAM      439,488       679,360      1.55    453,564       174,144  3,304,256       39.4
MFLS          128           192      1.50        137           128        192        0.0
GPOL          536           611      1.14        487            57        663        0.0
GVTX        1,377         1,575      1.14      1,267           185      1,762        0.1
DGSA   2,119,280,374 4,084,045,404   1.93 2,146,328,221  5,064,253 4,294,579,349 189,774.5
DGSB   2,061,157,662 4,054,350,453   1.97 2,114,667,851    755,242 4,291,943,493 184,569.8
WORK-H    864,640     1,224,448      1.42    873,387       327,872  3,582,720       77.4

named=867,632 (73.0% of ALL)  VBI 2:1726 3:226 4:7 5+:2 max:9 total:1961  slips=0
Wrote artifacts/performance/2026-10-06_itcm-pack7/yo-q17.json
