Wrote artifacts/performance/2026-10-06_itcm-pack7/gate-q17.csv
Tick-HUD buckets: target=smash64ds-p2-fourcpu-tickhud-hwtri samples=1960 frames=2..1961 melonDS=1.0 sha=DE80E46BDCF1FD98 git=2736c95960e+dirty(31) dldi=ON

bucket p50           p95           spread mean          min        max           %ALLp50
------ ---           ---           ------ ----          ---        ---           -------
ALL     1,116,672     1,118,144      1.00  1,142,380     1,110,976  4,420,288      100.0
FTR             0             0      0.00          0             0          0        0.0
STG             0             0      0.00          0             0          0        0.0
BG              0             0      0.00          0             0          0        0.0
AUD         4,864        10,176      2.09      5,561         2,304     27,136        0.4
HUD         9,152        24,128      2.64     11,756         7,808    505,344        0.8
SRC       350,912       545,088      1.55    362,001       132,544    994,240       31.4
MISC      400,960       543,168      1.35    406,599       174,080  3,323,712       35.9
OTHR      352,576       636,672      1.81    356,463        27,136    796,608       31.6
WAIT      330,624       612,608      1.85    335,198         7,872    776,576       29.6
WORK      792,576     1,079,552      1.36    803,414       336,896  4,087,488       71.0
SHDT      691,647       974,591      1.41    707,077       294,143  1,873,919       61.9
SWRM        1,344         1,408      1.05      1,340           896      3,328        0.1
GCRA      345,280       539,840      1.56    356,619       128,000    988,736       30.9
SCPU            0             0      0.00          0             0          0        0.0
SCAT            0             0      0.00          0             0          0        0.0
SPRM            0             0      0.00          0             0          0        0.0
SINT            0             0      0.00          0             0          0        0.0
SPHD            0             0      0.00          0             0          0        0.0
SPHC            0             0      0.00          0             0          0        0.0
MWPN            0             0      0.00          0             0          0        0.0
MITM            0             0      0.00          0             0          0        0.0
MEFX            0             0      0.00          0             0          0        0.0
MACT            0             0      0.00          0             0          0        0.0
MPRT            0             0      0.00          0             0          0        0.0
MTEX            0             0      0.00        372             0    651,840        0.0
MCAP            0             0      0.00          0             0          0        0.0
MPRO            0             0      0.00          0             0          0        0.0
MCAM      400,832       542,976      1.35    406,461       173,952  3,323,584       35.9
MFLS          128           192      1.50        138           128        192        0.0
GPOL          592           673      1.14        542            29        755        0.1
GVTX        1,419         1,596      1.12      1,315            96      1,750        0.1
DGSA   2,250,718,284 4,050,421,973        2,184,942,484  1,678,878 4,291,383,562 201,555.9
DGSB   2,254,346,240 4,035,342,474        2,215,590,844  2,771,092 4,285,088,836 201,880.8
WORK-H    782,016     1,069,824      1.37    791,658       328,448  3,582,144       70.0

named=785,917 (68.8% of ALL)  VBI 2:1877 3:82 4:1 5+:1 max:8 total:1961  slips=0
Wrote artifacts/performance/2026-10-06_itcm-pack7/gate-q17.json
