Wrote artifacts/performance/2026-10-06_fixed-camera/g0-q27.csv
Tick-HUD buckets: target=smash64ds-p2-fourcpu-tickhud-hwtri samples=1960 frames=2..1961 melonDS=1.0 sha=DE80E46BDCF1FD98 git=0eb4bdec1f7+dirty(41) dldi=ON

bucket p50           p95           spread mean          min        max           %ALLp50
------ ---           ---           ------ ----          ---        ---           -------
ALL     1,116,672     1,676,800      1.50  1,163,434     1,111,552 10,776,512      100.0
FTR             0             0      0.00          0             0          0        0.0
STG             0             0      0.00          0             0          0        0.0
BG              0             0      0.00          0             0          0        0.0
AUD         5,184        10,304      1.99      5,791         2,496     22,720        0.5
HUD         9,280        24,064      2.59     11,892         8,320    484,160        0.8
SRC       412,864       641,664      1.55    427,739       141,312  4,738,496       37.0
MISC      359,424       500,928      1.39    374,707       129,728  9,752,192       32.2
OTHR      339,648       553,344      1.63    343,306        23,680    830,528       30.4
WAIT      319,424       529,984      1.66    321,617         3,200    810,880       28.6
WORK      807,296     1,158,528      1.44    837,758       301,824 10,437,440       72.3
SHDT      718,655     1,058,751      1.47    750,992       259,135  9,909,567       64.4
SWRM        1,344         1,408      1.05      1,341           896      3,264        0.1
GCRA      407,360       635,008      1.56    422,223       136,448  4,732,992       36.5
SCPU            0             0      0.00          0             0          0        0.0
SCAT            0             0      0.00          0             0          0        0.0
SPRM            0             0      0.00          0             0          0        0.0
SINT            0             0      0.00          0             0          0        0.0
SPHD            0             0      0.00          0             0          0        0.0
SPHC            0             0      0.00          0             0          0        0.0
MWPN            0             0      0.00          0             0          0        0.0
MITM            0             0      0.00          0             0          0        0.0
MEFX            0             0      0.00          0             0          0        0.0
MACT            0             0      0.00          0             0          0        0.0
MPRT            0             0      0.00          0             0          0        0.0
MTEX            0             0      0.00        577             0  1,031,616        0.0
MCAP            0             0      0.00          0             0          0        0.0
MPRO            0             0      0.00          0             0          0        0.0
MCAM      359,296       500,800      1.39    374,570       129,600  9,752,064       32.2
MFLS          128           192      1.50        137           128        192        0.0
GPOL          497           558      1.12        473            68        605        0.0
GVTX        1,131         1,288      1.14      1,096           214      1,424        0.1
DGSA   2,111,017,074 4,069,956,070   1.93 2,126,091,786  4,383,315 4,293,901,612 189,045.4
DGSB   2,115,964,441 4,116,377,028   1.95 2,147,507,286    406,719 4,294,683,778 189,488.4
WORK-H    795,840     1,140,160      1.43    825,866       292,416  9,953,280       71.3

named=820,129 (70.5% of ALL)  VBI 2:1831 3:120 4:8 5+:2 max:23 total:1961  slips=0
Wrote artifacts/performance/2026-10-06_fixed-camera/g0-q27.json
