Wrote artifacts/performance/2026-10-06_fixed-camera/yo-q28.csv
Tick-HUD buckets: target=smash64ds-p2-fourcpu-tickhud-hwtri samples=1960 frames=2..1961 melonDS=1.0 sha=DE80E46BDCF1FD98 git=a9c448eb6f5+dirty(31) dldi=ON

bucket p50           p95           spread mean          min        max           %ALLp50
------ ---           ---           ------ ----          ---        ---           -------
ALL     1,116,672     1,676,800      1.50  1,167,154     1,111,680  4,318,592      100.0
FTR             0             0      0.00          0             0          0        0.0
STG             0             0      0.00          0             0          0        0.0
BG              0             0      0.00          0             0          0        0.0
AUD         4,992         9,984      2.00      5,652         2,432     27,136        0.4
HUD         9,152        23,680      2.59     11,174         7,808    381,312        0.8
SRC       365,568       599,424      1.64    381,703       125,312  1,049,216       32.7
MISC      423,232       630,976      1.49    433,154       172,224  3,344,896       37.9
OTHR      325,120       607,552      1.87    335,470        23,360    806,976       29.1
WAIT      304,000       583,680      1.92    313,940         2,176    787,200       27.2
WORK      842,048     1,176,000      1.40    849,276       326,208  3,985,024       75.4
SHDT      739,583     1,077,311      1.46    753,936       284,479  2,250,303       66.2
SWRM        1,280         1,344      1.05      1,284           768      3,328        0.1
GCRA      360,000       593,984      1.65    376,209       120,640  1,038,848       32.2
SCPU            0             0      0.00          0             0          0        0.0
SCAT            0             0      0.00          0             0          0        0.0
SPRM            0             0      0.00          0             0          0        0.0
SINT            0             0      0.00          0             0          0        0.0
SPHD            0             0      0.00          0             0          0        0.0
SPHC            0             0      0.00          0             0          0        0.0
MWPN            0             0      0.00          0             0          0        0.0
MITM            0             0      0.00          0             0          0        0.0
MEFX            0             0      0.00          0             0          0        0.0
MACT            0             0      0.00          0             0          0        0.0
MPRT            0             0      0.00          0             0          0        0.0
MTEX            0             0      0.00        276             0    277,248        0.0
MCAP            0             0      0.00          0             0          0        0.0
MPRO            0             0      0.00          0             0          0        0.0
MCAM      423,040       630,848      1.49    433,015       172,032  3,344,768       37.9
MFLS          128           192      1.50        139           128        512        0.0
GPOL          536           611      1.14        487            57        663        0.0
GVTX        1,377         1,575      1.14      1,268           185      1,752        0.1
DGSA   2,119,280,374 4,084,045,404   1.93 2,146,328,221  5,064,253 4,294,579,349 189,785.4
DGSB   2,061,157,662 4,054,350,453   1.97 2,114,667,851    755,242 4,291,943,493 184,580.4
WORK-H    829,440     1,162,112      1.40    838,102       318,016  3,603,712       74.3

named=831,683 (71.3% of ALL)  VBI 2:1792 3:166 4:1 5+:2 max:8 total:1961  slips=0
Wrote artifacts/performance/2026-10-06_fixed-camera/yo-q28.json
