Wrote artifacts/performance/2026-10-06_fixed-camera/gate-q27.csv
Tick-HUD buckets: target=smash64ds-p2-fourcpu-tickhud-hwtri samples=1960 frames=2..1961 melonDS=1.0 sha=DE80E46BDCF1FD98 git=0eb4bdec1f7+dirty(41) dldi=ON

bucket p50           p95           spread mean          min        max           %ALLp50
------ ---           ---           ------ ----          ---        ---           -------
ALL     1,116,672     1,117,824      1.00  1,137,892     1,111,552  4,680,000      100.0
FTR             0             0      0.00          0             0          0        0.0
STG             0             0      0.00          0             0          0        0.0
BG              0             0      0.00          0             0          0        0.0
AUD         4,992        10,240      2.05      5,684         2,432     27,200        0.4
HUD         9,024        23,744      2.63     11,673         7,872    763,008        0.8
SRC       334,464       540,032      1.61    349,015       124,032    975,360       30.0
MISC      396,032       536,512      1.35    400,520       172,096  3,330,880       35.5
OTHR      370,688       640,384      1.73    371,000        24,128    805,888       33.2
WAIT      349,312       616,384      1.76    349,621         2,816    786,176       31.3
WORK      772,928     1,060,864      1.37    784,535       327,168  4,347,008       69.2
SHDT      670,783       960,127      1.43    687,918       283,775  1,859,263       60.1
SWRM        1,344         1,472      1.10      1,366           896      3,456        0.1
GCRA      329,024       534,528      1.62    343,490       119,168    969,728       29.5
SCPU            0             0      0.00          0             0          0        0.0
SCAT            0             0      0.00          0             0          0        0.0
SPRM            0             0      0.00          0             0          0        0.0
SINT            0             0      0.00          0             0          0        0.0
SPHD            0             0      0.00          0             0          0        0.0
SPHC            0             0      0.00          0             0          0        0.0
MWPN            0             0      0.00          0             0          0        0.0
MITM            0             0      0.00          0             0          0        0.0
MEFX            0             0      0.00          0             0          0        0.0
MACT            0             0      0.00          0             0          0        0.0
MPRT            0             0      0.00          0             0          0        0.0
MTEX            0             0      0.00        375             0    655,424        0.0
MCAP            0             0      0.00          0             0          0        0.0
MPRO            0             0      0.00          0             0          0        0.0
MCAM      395,840       536,384      1.36    400,382       171,968  3,330,688       35.4
MFLS          128           192      1.50        138           128        448        0.0
GPOL          592           673      1.14        542            29        755        0.1
GVTX        1,419         1,595      1.12      1,315            96      1,750        0.1
DGSA   2,250,718,284 4,050,421,973        2,184,942,484  1,678,878 4,291,383,562 201,555.9
DGSB   2,254,346,240 4,035,342,474        2,215,590,844  2,771,092 4,285,088,836 201,880.8
WORK-H    761,984     1,048,448      1.38    772,862       318,208  3,584,000       68.2

named=766,892 (67.4% of ALL)  VBI 2:1893 3:66 4:1 5+:1 max:9 total:1961  slips=0
Wrote artifacts/performance/2026-10-06_fixed-camera/gate-q27.json
