Wrote artifacts/performance/2026-10-06_fixed-camera/g0-q28.csv
Tick-HUD buckets: target=smash64ds-p2-fourcpu-tickhud-hwtri samples=1960 frames=2..1961 melonDS=1.0 sha=DE80E46BDCF1FD98 git=a9c448eb6f5+dirty(31) dldi=ON

bucket p50           p95           spread mean          min        max           %ALLp50
------ ---           ---           ------ ----          ---        ---           -------
ALL     1,116,672     1,676,736      1.50  1,160,639     1,111,104 11,176,128      100.0
FTR             0             0      0.00          0             0          0        0.0
STG             0             0      0.00          0             0          0        0.0
BG              0             0      0.00          0             0          0        0.0
AUD         5,184        10,432      2.01      5,788         2,496     22,848        0.5
HUD         9,216        24,064      2.61     12,058         8,256    865,152        0.8
SRC       413,632       640,320      1.55    426,088       141,440  1,207,552       37.0
MISC      358,272       501,120      1.40    373,955       129,344  9,771,904       32.1
OTHR      339,200       550,144      1.62    342,749        22,272    831,040       30.4
WAIT      318,784       527,104      1.65    320,931         2,496    811,136       28.5
WORK      807,296     1,147,520      1.42    835,662       302,016 10,837,824       72.3
SHDT      719,295     1,056,959      1.47    749,409       259,519  9,929,663       64.4
SWRM        1,280         1,344      1.05      1,293           832      3,392        0.1
GCRA      408,064       634,688      1.56    420,551       136,640  1,197,440       36.5
SCPU            0             0      0.00          0             0          0        0.0
SCAT            0             0      0.00          0             0          0        0.0
SPRM            0             0      0.00          0             0          0        0.0
SINT            0             0      0.00          0             0          0        0.0
SPHD            0             0      0.00          0             0          0        0.0
SPHC            0             0      0.00          0             0          0        0.0
MWPN            0             0      0.00          0             0          0        0.0
MITM            0             0      0.00          0             0          0        0.0
MEFX            0             0      0.00          0             0          0        0.0
MACT            0             0      0.00          0             0          0        0.0
MPRT            0             0      0.00          0             0          0        0.0
MTEX            0             0      0.00        579             0  1,035,840        0.0
MCAP            0             0      0.00          0             0          0        0.0
MPRO            0             0      0.00          0             0          0        0.0
MCAM      358,144       500,992      1.40    373,817       129,216  9,771,776       32.1
MFLS          128           192      1.50        138           128        192        0.0
GPOL          497           558      1.12        473            68        605        0.0
GVTX        1,131         1,288      1.14      1,096           214      1,424        0.1
DGSA   2,111,017,074 4,069,956,070   1.93 2,126,091,786  4,383,315 4,293,901,612 189,045.4
DGSB   2,115,964,441 4,116,377,028   1.95 2,147,507,286    406,719 4,294,683,778 189,488.4
WORK-H    795,200     1,137,472      1.43    823,604       292,416  9,972,672       71.2

named=817,889 (70.5% of ALL)  VBI 2:1834 3:117 4:8 5+:2 max:24 total:1961  slips=0
Wrote artifacts/performance/2026-10-06_fixed-camera/g0-q28.json
