Wrote artifacts/performance/2026-10-06_fixed-camera/g0-q25.csv
Tick-HUD buckets: target=smash64ds-p2-fourcpu-tickhud-hwtri samples=1960 frames=2..1961 melonDS=1.0 sha=DE80E46BDCF1FD98 git=0eb4bdec1f7+dirty(38) dldi=ON

bucket p50           p95           spread mean          min        max           %ALLp50
------ ---           ---           ------ ----          ---        ---           -------
ALL     1,116,672     1,676,800      1.50  1,162,667     1,111,488 10,647,936      100.0
FTR             0             0      0.00          0             0          0        0.0
STG             0             0      0.00          0             0          0        0.0
BG              0             0      0.00          0             0          0        0.0
AUD         5,184        10,560      2.04      5,795         2,304     22,592        0.5
HUD         9,216        24,192      2.62     11,822         8,320    349,120        0.8
SRC       409,472       636,032      1.55    422,446       139,328  1,199,424       36.7
MISC      365,760       508,800      1.39    381,296       135,360  9,762,240       32.8
OTHR      338,432       558,144      1.65    341,308        26,176    827,648       30.3
WAIT      316,928       530,368      1.67    319,768         5,120    807,808       28.4
WORK      810,112     1,159,872      1.43    838,778       305,216 10,311,616       72.5
SHDT      720,895     1,060,095      1.47    750,786       263,103  9,918,271       64.6
SWRM        1,280         1,344      1.05      1,266           832      3,264        0.1
GCRA      404,096       629,504      1.56    417,132       134,848  1,189,504       36.2
SCPU            0             0      0.00          0             0          0        0.0
SCAT            0             0      0.00          0             0          0        0.0
SPRM            0             0      0.00          0             0          0        0.0
SINT            0             0      0.00          0             0          0        0.0
SPHD            0             0      0.00          0             0          0        0.0
SPHC            0             0      0.00          0             0          0        0.0
MWPN            0             0      0.00          0             0          0        0.0
MITM            0             0      0.00          0             0          0        0.0
MEFX            0             0      0.00          0             0          0        0.0
MACT            0             0      0.00          0             0          0        0.0
MPRT            0             0      0.00          0             0          0        0.0
MTEX            0             0      0.00        570             0  1,018,240        0.0
MCAP            0             0      0.00          0             0          0        0.0
MPRO            0             0      0.00          0             0          0        0.0
MCAM      365,632       508,672      1.39    381,157       135,232  9,762,112       32.7
MFLS          128           192      1.50        139           128        384        0.0
GPOL          497           558      1.12        473            68        605        0.0
GVTX        1,131         1,288      1.14      1,096           214      1,424        0.1
DGSA   2,111,017,074 4,069,956,070   1.93 2,126,091,786  4,383,315 4,293,901,612 189,045.4
DGSB   2,115,964,441 4,116,377,028   1.95 2,147,507,286    406,719 4,294,683,778 189,488.4
WORK-H    799,040     1,142,464      1.43    826,956       296,320  9,962,496       71.6

named=821,359 (70.6% of ALL)  VBI 2:1826 3:125 4:8 5+:2 max:23 total:1961  slips=0
Wrote artifacts/performance/2026-10-06_fixed-camera/g0-q25.json
