Wrote D:\Stuff\DevFolder\Smash64DS_Port\artifacts\performance\2026-10-05_recorder-deleted/yo-r1.csv
Tick-HUD buckets: target=smash64ds-p2-fourcpu-tickhud-hwtri samples=1960 frames=2..1961 melonDS=1.0 sha=DE80E46BDCF1FD98 git=d81d7f70fb1+dirty(39) dldi=ON

bucket p50           p95           spread mean          min        max           %ALLp50
------ ---           ---           ------ ----          ---        ---           -------
ALL     1,116,800     1,677,120      1.50  1,201,552     1,112,192  4,350,592      100.0
FTR             0             0      0.00          0             0          0        0.0
STG             0             0      0.00          0             0          0        0.0
BG              0             0      0.00          0             0          0        0.0
AUD         4,928         9,856      2.00      5,587         2,304     27,136        0.4
HUD         9,152        24,256      2.65     11,318         8,000    454,080        0.8
SRC       398,976       656,576      1.65    416,306       135,808  1,155,328       35.7
MISC      444,032       675,392      1.52    457,465       176,512  3,283,072       39.8
OTHR      292,224       586,048      2.01    310,875        22,336    792,192       26.2
WAIT      270,912       559,744      2.07    289,127         2,304    772,224       24.3
WORK      898,752     1,275,200      1.42    908,419       341,120  4,018,112       80.5
SHDT      793,727     1,168,575      1.47    812,247       299,199  2,314,175       71.1
SWRM        1,280         1,344      1.05      1,292           832      3,264        0.1
GCRA      393,472       651,200      1.66    410,835       131,072  1,149,952       35.2
SCPU            0             0      0.00          0             0          0        0.0
SCAT            0             0      0.00          0             0          0        0.0
SPRM            0             0      0.00          0             0          0        0.0
SINT            0             0      0.00          0             0          0        0.0
SPHD            0             0      0.00          0             0          0        0.0
SPHC            0             0      0.00          0             0          0        0.0
MWPN            0             0      0.00          0             0          0        0.0
MITM            0             0      0.00          0             0          0        0.0
MEFX            0             0      0.00          0             0          0        0.0
MACT            0             0      0.00          0             0          0        0.0
MPRT            0             0      0.00          0             0          0        0.0
MTEX            0             0      0.00        276             0    271,488        0.0
MCAP            0             0      0.00          0             0          0        0.0
MPRO            0             0      0.00          0             0          0        0.0
MCAM      443,904       675,264      1.52    457,330       176,384  3,282,944       39.7
MFLS          128           192      1.50        135           128        192        0.0
GPOL          536           611      1.14        487            57        663        0.0
GVTX        1,377         1,575      1.14      1,267           185      1,762        0.1
DGSA   2,083,884,863 4,124,661,661   1.98 2,111,491,949  5,064,253 4,294,579,349 186,594.3
DGSB   2,035,472,387 4,126,107,849   2.03 2,100,963,081    755,242 4,291,943,493 182,259.3
WORK-H    887,680     1,262,400      1.42    897,100       332,992  3,564,032       79.5

named=890,676 (74.1% of ALL)  VBI 2:1677 3:276 4:6 5+:2 max:8 total:1961  slips=0
Wrote D:\Stuff\DevFolder\Smash64DS_Port\artifacts\performance\2026-10-05_recorder-deleted/yo-r1.json
