Wrote D:\Stuff\DevFolder\Smash64DS_Port\artifacts\performance\2026-10-05_recorder-deleted/gate-r2.csv
Tick-HUD buckets: target=smash64ds-p2-fourcpu-tickhud-hwtri samples=1960 frames=2..1961 melonDS=1.0 sha=DE80E46BDCF1FD98 git=d81d7f70fb1+dirty(39) dldi=ON

bucket p50           p95           spread mean          min        max           %ALLp50
------ ---           ---           ------ ----          ---        ---           -------
ALL     1,116,736     1,676,288      1.50  1,150,573     1,111,936  4,222,336      100.0
FTR             0             0      0.00          0             0          0        0.0
STG             0             0      0.00          0             0          0        0.0
BG              0             0      0.00          0             0          0        0.0
AUD         4,416        10,368      2.35      5,554         2,304     28,032        0.4
HUD         9,216        24,384      2.65     11,088         7,936    324,864        0.8
SRC       370,240       567,104      1.53    378,361       134,208  1,276,480       33.2
MISC      408,064       558,208      1.37    416,510       175,040  3,304,256       36.5
OTHR      327,616       616,768      1.88    339,061        23,168    792,896       29.3
WAIT      305,024       592,512      1.94    317,062         3,584    773,376       27.3
WORK      822,656     1,118,848      1.36    829,552       339,776  3,891,456       73.7
SHDT      720,895     1,001,535      1.39    732,438       298,047  1,861,119       64.6
SWRM        1,216         1,280      1.05      1,211           768      3,200        0.1
GCRA      365,120       561,920      1.54    373,081       129,728  1,271,040       32.7
SCPU            0             0      0.00          0             0          0        0.0
SCAT            0             0      0.00          0             0          0        0.0
SPRM            0             0      0.00          0             0          0        0.0
SINT            0             0      0.00          0             0          0        0.0
SPHD            0             0      0.00          0             0          0        0.0
SPHC            0             0      0.00          0             0          0        0.0
MWPN            0             0      0.00          0             0          0        0.0
MITM            0             0      0.00          0             0          0        0.0
MEFX            0             0      0.00          0             0          0        0.0
MACT            0             0      0.00          0             0          0        0.0
MPRT            0             0      0.00          0             0          0        0.0
MTEX            0             0      0.00        362             0    646,912        0.0
MCAP            0             0      0.00          0             0          0        0.0
MPRO            0             0      0.00          0             0          0        0.0
MCAM      407,936       558,080      1.37    416,374       174,912  3,304,128       36.5
MFLS          128           192      1.50        136           128        192        0.0
GPOL          596           643      1.08        548            29        672        0.1
GVTX        1,439         1,569      1.09      1,341            96      1,652        0.1
DGSA   2,271,025,253 4,053,265,608        2,196,203,133    408,983 4,292,542,737 203,362.8
DGSB   2,239,784,444 4,085,716,662        2,181,657,936  1,230,618 4,292,739,132 200,565.3
WORK-H    811,648     1,105,408      1.36    818,464       331,456  3,566,592       72.7

named=811,513 (70.5% of ALL)  VBI 2:1851 3:104 4:5 5+:1 max:8 total:1961  slips=0
Wrote D:\Stuff\DevFolder\Smash64DS_Port\artifacts\performance\2026-10-05_recorder-deleted/gate-r2.json
