Regenerated full melonDS DLDI image: only 134037504 bytes remained (< 134217728).
Wrote D:\Stuff\DevFolder\Smash64DS_Port\artifacts\performance\2026-10-05_recorder-deleted/gate-r1.csv
Tick-HUD buckets: target=smash64ds-p2-fourcpu-tickhud-hwtri samples=1960 frames=2..1961 melonDS=1.0 sha=DE80E46BDCF1FD98 git=d81d7f70fb1+dirty(37) dldi=ON

bucket p50           p95           spread mean          min        max           %ALLp50
------ ---           ---           ------ ----          ---        ---           -------
ALL     1,116,736     1,676,480      1.50  1,151,113     1,114,048  4,650,688      100.0
FTR             0             0      0.00          0             0          0        0.0
STG             0             0      0.00          0             0          0        0.0
BG              0             0      0.00          0             0          0        0.0
AUD         4,416        10,240      2.32      5,519         2,304     27,520        0.4
HUD         9,216        24,192      2.62     11,279         7,936    757,440        0.8
SRC       371,264       567,744      1.53    378,985       134,528  1,274,432       33.2
MISC      408,000       558,144      1.37    416,581       176,960  3,295,744       36.5
OTHR      327,360       617,984      1.89    338,749        23,296    791,040       29.3
WAIT      305,152       593,664      1.95    316,657         3,072    770,816       27.3
WORK      822,528     1,119,424      1.36    830,512       342,400  4,319,680       73.7
SHDT      721,535     1,003,519      1.39    733,488       299,327  1,857,535       64.6
SWRM        1,280         1,408      1.10      1,300           832      3,264        0.1
GCRA      365,824       562,240      1.54    373,515       129,984  1,268,928       32.8
SCPU            0             0      0.00          0             0          0        0.0
SCAT            0             0      0.00          0             0          0        0.0
SPRM            0             0      0.00          0             0          0        0.0
SINT            0             0      0.00          0             0          0        0.0
SPHD            0             0      0.00          0             0          0        0.0
SPHC            0             0      0.00          0             0          0        0.0
MWPN            0             0      0.00          0             0          0        0.0
MITM            0             0      0.00          0             0          0        0.0
MEFX            0             0      0.00          0             0          0        0.0
MACT            0             0      0.00          0             0          0        0.0
MPRT            0             0      0.00          0             0          0        0.0
MTEX            0             0      0.00        356             0    640,064        0.0
MCAP            0             0      0.00          0             0          0        0.0
MPRO            0             0      0.00          0             0          0        0.0
MCAM      407,872       558,016      1.37    416,445       176,832  3,295,552       36.5
MFLS          128           192      1.50        136           128        256        0.0
GPOL          596           643      1.08        548            29        672        0.1
GVTX        1,439         1,569      1.09      1,341            96      1,652        0.1
DGSA   2,271,025,253 4,053,265,608        2,196,203,133    408,983 4,292,542,737 203,362.8
DGSB   2,239,784,444 4,085,716,662        2,181,657,936  1,230,618 4,292,739,132 200,565.3
WORK-H    812,672     1,107,328      1.36    819,233       333,440  3,562,240       72.8

named=812,364 (70.6% of ALL)  VBI 2:1850 3:105 4:5 5+:1 max:9 total:1961  slips=0
Wrote D:\Stuff\DevFolder\Smash64DS_Port\artifacts\performance\2026-10-05_recorder-deleted/gate-r1.json
