Wrote artifacts/performance/2026-10-05_fixed-leaves/sz-f2.csv
Tick-HUD buckets: target=smash64ds-p2-fourcpu-tickhud-hwtri samples=1960 frames=2..1961 melonDS=1.0 sha=DE80E46BDCF1FD98 git=aefb6f4b30c+dirty(39) dldi=ON

bucket p50           p95           spread mean          min        max           %ALLp50
------ ---           ---           ------ ----          ---        ---           -------
ALL     1,116,800     1,677,312      1.50  1,198,210     1,112,576 16,809,664      100.0
FTR             0             0      0.00          0             0          0        0.0
STG             0             0      0.00          0             0          0        0.0
BG              0             0      0.00          0             0          0        0.0
AUD         4,480         9,920      2.21      5,470         2,496     30,976        0.4
HUD         9,152        24,640      2.69     11,212         7,808    358,656        0.8
SRC       448,960       648,256      1.44    456,086       160,320  1,053,376       40.2
MISC      413,056       609,024      1.47    437,898       173,888 15,890,624       37.0
OTHR      272,512       564,736      2.07    287,545        22,336    769,408       24.4
WAIT      250,816       539,904      2.15    265,228         1,856    749,056       22.5
WORK      905,984     1,265,216      1.40    929,253       364,288 16,471,296       81.1
SHDT      822,783     1,162,815      1.41    844,961       323,135 16,068,671       73.7
SWRM        1,344         1,472      1.10      1,371           960      3,392        0.1
GCRA      443,648       643,008      1.45    450,722       155,584  1,048,000       39.7
SCPU            0             0      0.00          0             0          0        0.0
SCAT            0             0      0.00          0             0          0        0.0
SPRM            0             0      0.00          0             0          0        0.0
SINT            0             0      0.00          0             0          0        0.0
SPHD            0             0      0.00          0             0          0        0.0
SPHC            0             0      0.00          0             0          0        0.0
MWPN            0             0      0.00          0             0          0        0.0
MITM            0             0      0.00          0             0          0        0.0
MEFX            0             0      0.00          0             0          0        0.0
MACT            0             0      0.00          0             0          0        0.0
MPRT            0             0      0.00          0             0          0        0.0
MTEX            0             0      0.00        570             0  1,032,384        0.0
MCAP            0             0      0.00          0             0          0        0.0
MPRO            0             0      0.00          0             0          0        0.0
MCAM      412,992       608,960      1.47    437,810       173,760 15,890,496       37.0
MFLS           64           128      2.00         87            64        128        0.0
GPOL          482           577      1.20        469            47        621        0.0
GVTX        1,086         1,357      1.25      1,078           157      1,485        0.1
DGSA   2,132,266,814 4,064,701,131   1.91 2,107,330,897  4,489,810 4,290,496,298 190,926.5
DGSB   2,179,488,706 4,111,958,947        2,150,460,405  3,627,571 4,290,926,656 195,154.8
WORK-H    895,424     1,250,496      1.40    918,041       355,968 16,112,640       80.2

named=910,666 (76.0% of ALL)  VBI 2:1720 3:224 4:15 5+:2 max:34 total:1961  slips=0
Wrote artifacts/performance/2026-10-05_fixed-leaves/sz-f2.json
