Wrote artifacts/performance/2026-10-05_fixed-leaves/yo-f2.csv
Tick-HUD buckets: target=smash64ds-p2-fourcpu-tickhud-hwtri samples=1960 frames=2..1961 melonDS=1.0 sha=DE80E46BDCF1FD98 git=aefb6f4b30c+dirty(39) dldi=ON

bucket p50           p95           spread mean          min        max           %ALLp50
------ ---           ---           ------ ----          ---        ---           -------
ALL     1,116,800     1,677,056      1.50  1,202,115     1,111,616  4,273,536      100.0
FTR             0             0      0.00          0             0          0        0.0
STG             0             0      0.00          0             0          0        0.0
BG              0             0      0.00          0             0          0        0.0
AUD         4,992         9,984      2.00      5,688         2,496     28,288        0.4
HUD         9,280        24,000      2.59     11,351         8,000    341,952        0.8
SRC       395,072       657,472      1.66    413,591       133,888  1,173,504       35.4
MISC      445,760       676,928      1.52    459,701       176,384  3,318,592       39.9
OTHR      294,848       574,208      1.95    311,783        22,784    793,344       26.4
WAIT      273,088       551,936      2.02    289,674         2,304    773,056       24.5
WORK      893,184     1,287,808      1.44    908,441       340,352  3,938,368       80.0
SHDT      790,335     1,177,215      1.49    810,940       298,367  2,346,879       70.8
SWRM        1,344         1,408      1.05      1,368           960      3,264        0.1
GCRA      389,696       651,264      1.67    408,182       129,472  1,168,256       34.9
SCPU            0             0      0.00          0             0          0        0.0
SCAT            0             0      0.00          0             0          0        0.0
SPRM            0             0      0.00          0             0          0        0.0
SINT            0             0      0.00          0             0          0        0.0
SPHD            0             0      0.00          0             0          0        0.0
SPHC            0             0      0.00          0             0          0        0.0
MWPN            0             0      0.00          0             0          0        0.0
MITM            0             0      0.00          0             0          0        0.0
MEFX            0             0      0.00          0             0          0        0.0
MACT            0             0      0.00          0             0          0        0.0
MPRT            0             0      0.00          0             0          0        0.0
MTEX            0             0      0.00        275             0    271,680        0.0
MCAP            0             0      0.00          0             0          0        0.0
MPRO            0             0      0.00          0             0          0        0.0
MCAM      445,696       676,800      1.52    459,614       176,320  3,318,528       39.9
MFLS           64           128      2.00         87            64        256        0.0
GPOL          536           611      1.14        489            57        663        0.0
GVTX        1,377         1,575      1.14      1,271           185      1,762        0.1
DGSA   2,083,884,863 4,129,441,075   1.98 2,145,033,405  5,064,253 4,289,227,501 186,594.3
DGSB   2,178,749,897 4,142,411,165        2,193,408,427  2,900,119 4,286,642,045 195,088.6
WORK-H    883,200     1,266,112      1.43    897,090       332,160  3,596,416       79.1

named=890,331 (74.1% of ALL)  VBI 2:1675 3:278 4:6 5+:2 max:8 total:1961  slips=0
Wrote artifacts/performance/2026-10-05_fixed-leaves/yo-f2.json
