Wrote artifacts/performance/2026-10-05_fixed-leaves/sz-f2-s2.csv
Tick-HUD buckets: target=smash64ds-p2-fourcpu-tickhud-hwtri samples=1960 frames=2..1961 melonDS=1.0 sha=DE80E46BDCF1FD98 git=aefb6f4b30c+dirty(43) dldi=ON

bucket p50           p95           spread mean          min        max           %ALLp50
------ ---           ---           ------ ----          ---        ---           -------
ALL     1,116,800     1,677,312      1.50  1,199,925     1,114,496 16,809,664      100.0
FTR             0             0      0.00          0             0          0        0.0
STG             0             0      0.00          0             0          0        0.0
BG              0             0      0.00          0             0          0        0.0
AUD         4,480        10,112      2.26      5,524         2,496     34,304        0.4
HUD         9,216        23,104      2.51     10,605         7,808    358,656        0.8
SRC       458,176       675,072      1.47    462,365       160,320  1,094,976       41.0
MISC      402,880       582,080      1.44    424,208       173,888 15,890,624       36.1
OTHR      266,112       620,416      2.33    297,223        22,720    769,408       23.8
WAIT      243,712       595,712      2.44    274,875         2,816    749,056       21.8
WORK      909,248     1,253,120      1.38    921,195       364,288 16,471,296       81.4
SHDT      824,895     1,158,271      1.40    840,994       323,135 16,068,671       73.9
SWRM        1,344         1,472      1.10      1,366           960      3,456        0.1
GCRA      452,736       669,888      1.48    456,991       155,584  1,089,728       40.5
SCPU            0             0      0.00          0             0          0        0.0
SCAT            0             0      0.00          0             0          0        0.0
SPRM            0             0      0.00          0             0          0        0.0
SINT            0             0      0.00          0             0          0        0.0
SPHD            0             0      0.00          0             0          0        0.0
SPHC            0             0      0.00          0             0          0        0.0
MWPN            0             0      0.00          0             0          0        0.0
MITM            0             0      0.00          0             0          0        0.0
MEFX            0             0      0.00          0             0          0        0.0
MACT            0             0      0.00          0             0          0        0.0
MPRT            0             0      0.00          0             0          0        0.0
MTEX            0             0      0.00        683             0  1,032,384        0.0
MCAP            0             0      0.00          0             0          0        0.0
MPRO            0             0      0.00          0             0          0        0.0
MCAM      402,752       582,016      1.45    424,122       173,760 15,890,496       36.1
MFLS           64           128      2.00         86            64        128        0.0
GPOL          493           542      1.10        466            47        579        0.0
GVTX        1,110         1,255      1.13      1,061           157      1,401        0.1
DGSA   2,239,155,382 4,177,221,757        2,224,424,084  5,931,721 4,294,421,030 200,497.4
DGSB   2,296,114,274 4,168,287,106        2,269,920,972    905,349 4,291,429,520 205,597.6
WORK-H    899,520     1,241,024      1.38    910,590       355,968 16,112,640       80.5

named=902,702 (75.2% of ALL)  VBI 2:1717 3:224 4:18 5+:2 max:34 total:1961  slips=0
Wrote artifacts/performance/2026-10-05_fixed-leaves/sz-f2-s2.json
